seconds,current,desired
1656436173,1,1
1656436180,1,1
1656436181,1,1
1656436183,1,1
1656436184,1,1
1656436185,1,1
1656436187,1,1
1656436188,1,1
1656436190,1,1
1656436191,1,1
1656436192,1,1
1656436194,1,1
1656436195,1,1
1656436197,1,1
1656436198,1,1
1656436199,1,1
1656436201,1,1
1656436202,1,1
1656436203,1,1
1656436205,1,1
1656436206,1,1
1656436208,1,1
1656436209,1,1
1656436210,1,1
1656436212,1,1
1656436213,1,1
1656436214,1,1
1656436216,1,1
1656436217,1,1
1656436218,1,1
1656436220,1,1
1656436221,1,1
1656436222,1,1
1656436224,1,1
1656436225,1,1
1656436227,1,1
1656436228,1,1
1656436229,1,1
1656436231,1,1
1656436232,1,1
1656436233,1,1
1656436235,1,1
1656436236,1,1
1656436237,1,1
1656436239,1,1
1656436240,1,1
1656436241,1,1
1656436243,1,1
1656436244,1,1
1656436245,1,1
1656436246,1,1
1656436248,1,1
1656436249,1,1
1656436250,1,1
1656436252,1,1
1656436253,1,1
1656436254,1,1
1656436256,1,1
1656436257,1,1
1656436258,1,1
1656436259,1,1
1656436261,1,1
1656436264,1,1
1656436265,1,1
1656436266,1,1
1656436268,1,1
1656436269,1,1
1656436270,1,1
1656436272,1,1
1656436273,1,1
1656436274,1,1
1656436275,1,1
1656436277,1,1
1656436278,1,1
1656436279,1,1
1656436280,1,1
1656436283,1,1
1656436284,1,1
1656436285,1,1
1656436287,1,1
1656436288,1,1
1656436289,1,1
1656436291,1,1
1656436292,1,1
1656436293,1,1
1656436295,1,1
1656436296,1,1
1656436297,1,1
1656436298,1,1
1656436300,1,1
1656436301,1,1
1656436304,1,1
1656436305,1,1
1656436307,1,1
1656436308,1,1
1656436310,1,1
1656436311,1,1
1656436312,1,1
1656436314,1,1
1656436315,1,1
1656436317,1,1
1656436318,1,1
1656436319,1,1
1656436321,1,1
1656436322,1,1
1656436323,1,1
1656436325,1,1
1656436326,1,1
1656436327,1,1
1656436328,1,1
1656436330,1,1
1656436331,1,1
1656436332,1,1
1656436334,1,1
1656436335,1,1
1656436336,1,1
1656436337,1,1
1656436339,1,1
1656436340,1,1
1656436341,1,1
1656436343,1,1
1656436344,1,1
1656436345,1,1
1656436346,1,1
1656436348,1,1
1656436349,1,1
1656436350,1,1
1656436352,1,1
1656436353,1,1
1656436355,1,1
1656436356,1,1
1656436357,1,1
1656436358,1,1
1656436360,1,1
1656436361,1,1
1656436362,1,1
1656436364,1,1
1656436365,1,1
1656436367,1,1
1656436369,1,1
1656436370,1,1
1656436372,1,1
1656436373,1,1
1656436374,1,1
1656436376,1,1
1656436377,1,1
1656436378,1,1
1656436380,1,1
1656436381,1,1
1656436382,1,1
1656436384,1,1
1656436385,1,1
1656436386,1,1
1656436388,1,1
1656436389,1,1
1656436391,1,1
1656436392,1,1
1656436393,1,1
1656436394,1,1
1656436396,1,1
1656436397,1,1
1656436398,1,1
1656436400,1,1
1656436401,1,1
1656436402,1,1
1656436404,1,1
1656436405,1,1
1656436406,1,1
1656436407,1,1
1656436409,1,1
1656436410,1,1
1656436411,1,1
1656436413,1,1
1656436414,1,1
1656436415,1,1
1656436417,1,1
1656436418,1,1
1656436419,1,1
1656436421,1,1
1656436422,1,1
1656436423,1,1
1656436425,1,1
1656436426,1,1
1656436427,1,1
1656436428,1,1
1656436430,1,1
1656436431,1,1
1656436432,1,1
1656436434,1,1
1656436435,1,1
1656436436,1,1
