seconds	current_backend	desired_backend	current_traefik	desired_traefik
1656436172	1.0	1.0	1.0	1.0
1656436173	1.0	1.0	1.0	1.0
1656436174	1.0	1.0	1.0	1.0
1656436175	1.0	1.0	1.0	1.0
1656436176	1.0	1.0	1.0	1.0
1656436177	1.0	1.0	1.0	1.0
1656436178	1.0	1.0	1.0	1.0
1656436179	1.0	1.0	1.0	1.0
1656436180	1.0	1.0	1.0	1.0
1656436181	1.0	1.0	1.0	1.0
1656436182	1.0	1.0	1.0	1.0
1656436183	1.0	1.0	1.0	1.0
1656436184	1.0	1.0	1.0	1.0
1656436185	1.0	1.0	1.0	1.0
1656436186	1.0	1.0	1.0	1.0
1656436187	1.0	1.0	1.0	1.0
1656436188	1.0	1.0	1.0	1.0
1656436189	1.0	1.0	1.0	1.0
1656436190	1.0	1.0	1.0	1.0
1656436191	1.0	1.0	1.0	1.0
1656436192	1.0	1.0	1.0	1.0
1656436193	1.0	1.0	1.0	1.0
1656436194	1.0	1.0	1.0	1.0
1656436195	1.0	1.0	1.0	1.0
1656436196	1.0	1.0	1.0	1.0
1656436197	1.0	1.0	1.0	1.0
1656436198	1.0	1.0	1.0	1.0
1656436199	1.0	1.0	1.0	1.0
1656436200	1.0	1.0	1.0	1.0
1656436201	1.0	1.0	1.0	1.0
1656436202	1.0	1.0	1.0	1.0
1656436203	1.0	1.0	1.0	1.0
1656436204	1.0	1.0	1.0	1.0
1656436205	1.0	1.0	1.0	1.0
1656436206	1.0	1.0	1.0	1.0
1656436207	1.0	1.0	1.0	1.0
1656436208	1.0	1.0	1.0	1.0
1656436209	1.0	1.0	1.0	1.0
1656436210	1.0	1.0	1.0	1.0
1656436211	1.0	1.0	1.0	1.0
1656436212	1.0	1.0	1.0	1.0
1656436213	1.0	1.0	1.0	1.0
1656436214	1.0	1.0	1.0	1.0
1656436215	1.0	1.0	1.0	1.0
1656436216	1.0	1.0	1.0	1.0
1656436217	1.0	1.0	1.0	1.0
1656436218	1.0	1.0	1.0	1.0
1656436219	1.0	1.0	1.0	1.0
1656436220	1.0	1.0	1.0	1.0
1656436221	1.0	1.0	1.0	1.0
1656436222	1.0	1.0	1.0	1.0
1656436223	1.0	1.0	1.0	1.0
1656436224	1.0	1.0	1.0	1.0
1656436225	1.0	1.0	1.0	1.0
1656436226	1.0	1.0	1.0	1.0
1656436227	1.0	1.0	1.0	1.0
1656436228	1.0	1.0	1.0	1.0
1656436229	1.0	1.0	1.0	1.0
1656436230	1.0	1.0	1.0	1.0
1656436231	1.0	1.0	1.0	1.0
1656436232	1.0	1.0	1.0	1.0
1656436233	1.0	1.0	1.0	1.0
1656436234	1.0	1.0	1.0	1.0
1656436235	1.0	1.0	1.0	1.0
1656436236	1.0	1.0	1.0	1.0
1656436237	1.0	1.0	1.0	1.0
1656436238	1.0	1.0	1.0	1.0
1656436239	1.0	1.0	1.0	1.0
1656436240	1.0	1.0	1.0	1.0
1656436241	1.0	1.0	1.0	1.0
1656436242	1.0	1.0	1.0	1.0
1656436243	1.0	1.0	1.0	1.0
1656436244	1.0	1.0	1.0	1.0
1656436245	1.0	1.0	1.0	1.0
1656436246	1.0	1.0	1.0	1.0
1656436247	1.0	1.0	1.0	1.0
1656436248	1.0	1.0	1.0	1.0
1656436249	1.0	1.0	1.0	1.0
1656436250	1.0	1.0	1.0	1.0
1656436251	1.0	1.0	1.0	1.0
1656436252	1.0	1.0	1.0	1.0
1656436253	1.0	1.0	1.0	1.0
1656436254	1.0	1.0	1.0	1.0
1656436255	1.0	1.0	1.0	1.0
1656436256	1.0	1.0	1.0	1.0
1656436257	1.0	1.0	1.0	1.0
1656436258	1.0	1.0	1.0	1.0
1656436259	1.0	1.0	1.0	1.0
1656436260	1.0	1.0	1.0	1.0
1656436261	1.0	1.0	1.0	1.0
1656436262	1.0	1.0	1.0	1.0
1656436263	1.0	1.0	1.0	1.0
1656436264	1.0	1.0	1.0	1.0
1656436265	1.0	1.0	1.0	1.0
1656436266	1.0	1.0	1.0	1.0
1656436267	1.0	1.0	1.0	1.0
1656436268	1.0	1.0	1.0	1.0
1656436269	1.0	1.0	1.0	1.0
1656436270	1.0	1.0	1.0	1.0
1656436271	1.0	1.0	1.0	1.0
1656436272	1.0	1.0	1.0	1.0
1656436273	1.0	1.0	1.0	1.0
1656436274	1.0	1.0	1.0	1.0
1656436275	1.0	1.0	1.0	1.0
1656436276	1.0	1.0	1.0	1.0
1656436277	1.0	1.0	1.0	1.0
1656436278	1.0	1.0	1.0	1.0
1656436279	1.0	1.0	1.0	1.0
1656436280	1.0	1.0	1.0	1.0
1656436281	1.0	1.0	1.0	1.0
1656436282	1.0	1.0	1.0	1.0
1656436283	1.0	1.0	1.0	1.0
1656436284	1.0	1.0	1.0	1.0
1656436285	1.0	1.0	1.0	1.0
1656436286	1.0	1.0	1.0	1.0
1656436287	1.0	1.0	1.0	1.0
1656436288	1.0	1.0	1.0	1.0
1656436289	1.0	1.0	1.0	1.0
1656436290	1.0	1.0	1.0	1.0
1656436291	1.0	1.0	1.0	1.0
1656436292	1.0	1.0	1.0	1.0
1656436293	1.0	1.0	1.0	1.0
1656436294	1.0	1.0	1.0	1.0
1656436295	1.0	1.0	1.0	1.0
1656436296	1.0	1.0	1.0	1.0
1656436297	1.0	1.0	1.0	1.0
1656436298	1.0	1.0	1.0	1.0
1656436299	1.0	1.0	1.0	1.0
1656436300	1.0	1.0	1.0	1.0
1656436301	1.0	1.0	1.0	1.0
1656436302	1.0	1.0	1.0	1.0
1656436303	1.0	1.0	1.0	1.0
1656436304	1.0	1.0	1.0	1.0
1656436305	1.0	1.0	1.0	1.0
1656436306	1.0	1.0	1.0	1.0
1656436307	1.0	1.0	1.0	1.0
1656436308	1.0	1.0	1.0	1.0
1656436309	1.0	1.0	1.0	1.0
1656436310	1.0	1.0	1.0	1.0
1656436311	1.0	1.0	1.0	1.0
1656436312	1.0	1.0	1.0	1.0
1656436313	1.0	1.0	1.0	1.0
1656436314	1.0	1.0	1.0	1.0
1656436315	1.0	1.0	1.0	1.0
1656436316	1.0	1.0	1.0	1.0
1656436317	1.0	1.0	1.0	1.0
1656436318	1.0	1.0	1.0	1.0
1656436319	1.0	1.0	1.0	1.0
1656436320	1.0	1.0	1.0	1.0
1656436321	1.0	1.0	1.0	1.0
1656436322	1.0	1.0	1.0	1.0
1656436323	1.0	1.0	1.0	1.0
1656436324	1.0	1.0	1.0	1.0
1656436325	1.0	1.0	1.0	1.0
1656436326	1.0	1.0	1.0	1.0
1656436327	1.0	1.0	1.0	1.0
1656436328	1.0	1.0	1.0	1.0
1656436329	1.0	1.0	1.0	1.0
1656436330	1.0	1.0	1.0	1.0
1656436331	1.0	1.0	1.0	1.0
1656436332	1.0	1.0	1.0	1.0
1656436333	1.0	1.0	1.0	1.0
1656436334	1.0	1.0	1.0	1.0
1656436335	1.0	1.0	1.0	1.0
1656436336	1.0	1.0	1.0	1.0
1656436337	1.0	1.0	1.0	1.0
1656436338	1.0	1.0	1.0	1.0
1656436339	1.0	1.0	1.0	1.0
1656436340	1.0	1.0	1.0	1.0
1656436341	1.0	1.0	1.0	1.0
1656436342	1.0	1.0	1.0	1.0
1656436343	1.0	1.0	1.0	1.0
1656436344	1.0	1.0	1.0	1.0
1656436345	1.0	1.0	1.0	1.0
1656436346	1.0	1.0	1.0	1.0
1656436347	1.0	1.0	1.0	1.0
1656436348	1.0	1.0	1.0	1.0
1656436349	1.0	1.0	1.0	1.0
1656436350	1.0	1.0	1.0	1.0
1656436351	1.0	1.0	1.0	1.0
1656436352	1.0	1.0	1.0	1.0
1656436353	1.0	1.0	1.0	1.0
1656436354	1.0	1.0	1.0	1.0
1656436355	1.0	1.0	1.0	1.0
1656436356	1.0	1.0	1.0	1.0
1656436357	1.0	1.0	1.0	1.0
1656436358	1.0	1.0	1.0	1.0
1656436359	1.0	1.0	1.0	1.0
1656436360	1.0	1.0	1.0	1.0
1656436361	1.0	1.0	1.0	1.0
1656436362	1.0	1.0	1.0	1.0
1656436363	1.0	1.0	1.0	1.0
1656436364	1.0	1.0	1.0	1.0
1656436365	1.0	1.0	1.0	1.0
1656436366	1.0	1.0	1.0	1.0
1656436367	1.0	1.0	1.0	1.0
1656436368	1.0	1.0	1.0	1.0
1656436369	1.0	1.0	1.0	1.0
1656436370	1.0	1.0	1.0	1.0
1656436371	1.0	1.0	1.0	1.0
1656436372	1.0	1.0	1.0	1.0
1656436373	1.0	1.0	1.0	1.0
1656436374	1.0	1.0	1.0	1.0
1656436375	1.0	1.0	1.0	1.0
1656436376	1.0	1.0	1.0	1.0
1656436377	1.0	1.0	1.0	1.0
1656436378	1.0	1.0	1.0	1.0
1656436379	1.0	1.0	1.0	1.0
1656436380	1.0	1.0	1.0	1.0
1656436381	1.0	1.0	1.0	1.0
1656436382	1.0	1.0	1.0	1.0
1656436383	1.0	1.0	1.0	1.0
1656436384	1.0	1.0	1.0	1.0
1656436385	1.0	1.0	1.0	1.0
1656436386	1.0	1.0	1.0	1.0
1656436387	1.0	1.0	1.0	1.0
1656436388	1.0	1.0	1.0	1.0
1656436389	1.0	1.0	1.0	1.0
1656436390	1.0	1.0	1.0	1.0
1656436391	1.0	1.0	1.0	1.0
1656436392	1.0	1.0	1.0	1.0
1656436393	1.0	1.0	1.0	1.0
1656436394	1.0	1.0	1.0	1.0
1656436395	1.0	1.0	1.0	1.0
1656436396	1.0	1.0	1.0	1.0
1656436397	1.0	1.0	1.0	1.0
1656436398	1.0	1.0	1.0	1.0
1656436399	1.0	1.0	1.0	1.0
1656436400	1.0	1.0	1.0	1.0
1656436401	1.0	1.0	1.0	1.0
1656436402	1.0	1.0	1.0	1.0
1656436403	1.0	1.0	1.0	1.0
1656436404	1.0	1.0	1.0	1.0
1656436405	1.0	1.0	1.0	1.0
1656436406	1.0	1.0	1.0	1.0
1656436407	1.0	1.0	1.0	1.0
1656436408	1.0	1.0	1.0	1.0
1656436409	1.0	1.0	1.0	1.0
1656436410	1.0	1.0	1.0	1.0
1656436411	1.0	1.0	1.0	1.0
1656436412	1.0	1.0	1.0	1.0
1656436413	1.0	1.0	1.0	1.0
1656436414	1.0	1.0	1.0	1.0
1656436415	1.0	1.0	1.0	1.0
1656436416	1.0	1.0	1.0	1.0
1656436417	1.0	1.0	1.0	1.0
1656436418	1.0	1.0	1.0	1.0
1656436419	1.0	1.0	1.0	1.0
1656436420	1.0	1.0	1.0	1.0
1656436421	1.0	1.0	1.0	1.0
1656436422	1.0	1.0	1.0	1.0
1656436423	1.0	1.0	1.0	1.0
1656436424	1.0	1.0	1.0	1.0
1656436425	1.0	1.0	1.0	1.0
1656436426	1.0	1.0	1.0	1.0
1656436427	1.0	1.0	1.0	1.0
1656436428	1.0	1.0	1.0	1.0
1656436429	1.0	1.0	1.0	1.0
1656436430	1.0	1.0	1.0	1.0
1656436431	1.0	1.0	1.0	1.0
1656436432	1.0	1.0	1.0	1.0
1656436433	1.0	1.0	1.0	1.0
1656436434	1.0	1.0	1.0	1.0
1656436435	1.0	1.0	1.0	1.0
1656436436	1.0	1.0	1.0	1.0
1656436437	1.0	1.0	1.0	1.0
1656436438	1.0	1.0	1.0	1.0
1656436439	1.0	1.0	1.0	1.0
1656436440	1.0	1.0	1.0	1.0
1656436441	1.0	1.0	1.0	1.0
1656436442	1.0	1.0	1.0	1.0
1656436443	1.0	1.0	1.0	1.0
1656436444	1.0	1.0	1.0	1.0
1656436445	1.0	1.0	1.0	1.0
1656436446	1.0	1.0	1.0	1.0
1656436447	1.0	1.0	1.0	1.0
1656436448	1.0	1.0	1.0	1.0
1656436449	1.0	1.0	1.0	1.0
1656436450	1.0	1.0	1.0	1.0
1656436451	1.0	1.0	1.0	1.0
1656436452	1.0	1.0	1.0	1.0
