seconds,current,desired
1656451602,1,1
1656451604,1,1
1656451605,1,1
1656451607,1,1
1656451608,1,1
1656451609,1,1
1656451610,1,1
1656451612,1,1
1656451613,1,1
1656451614,1,1
1656451616,1,1
1656451617,1,1
1656451618,1,1
1656451619,1,1
1656451621,1,1
1656451623,1,1
1656451624,1,1
1656451625,1,1
1656451626,1,1
1656451628,1,1
1656451629,1,1
1656451630,1,1
1656451632,1,1
1656451633,1,1
1656451634,1,1
1656451635,1,1
1656451637,1,1
1656451638,1,1
1656451639,1,1
1656451641,1,1
1656451642,1,1
1656451643,1,1
1656451644,1,1
1656451646,1,1
1656451647,1,1
1656451648,1,1
1656451649,1,1
1656451651,1,1
1656451652,1,1
1656451653,1,1
1656451655,1,1
1656451656,1,1
1656451657,1,1
1656451658,1,1
1656451660,1,1
1656451661,1,1
1656451662,1,1
1656451664,1,1
1656451665,1,3
1656451666,1,3
1656451667,1,3
1656451669,1,3
1656451670,1,3
1656451671,1,3
1656451673,1,3
1656451674,1,3
1656451675,1,3
1656451677,1,3
1656451678,1,3
1656451679,3,3
1656451681,3,3
1656451682,3,3
1656451683,3,3
1656451684,3,3
1656451686,3,3
1656451687,3,3
1656451688,3,3
1656451690,3,3
1656451691,3,3
1656451692,3,3
1656451694,3,3
1656451695,3,3
1656451696,3,3
1656451697,3,3
1656451699,3,3
1656451700,3,3
1656451701,3,3
1656451703,3,3
1656451704,3,3
1656451705,3,3
1656451706,3,3
1656451708,3,3
1656451709,3,3
1656451710,3,3
1656451712,3,3
1656451713,3,3
1656451714,3,3
1656451715,3,3
1656451717,3,3
1656451718,3,3
1656451719,3,3
1656451720,3,3
1656451722,3,3
1656451723,3,3
1656451724,3,3
1656451725,3,3
1656451727,3,3
1656451728,3,3
1656451729,3,3
1656451731,3,3
1656451732,3,3
1656451733,3,3
1656451734,3,3
1656451736,3,3
1656451737,3,3
1656451738,3,3
1656451740,3,3
1656451741,3,3
1656451742,3,3
1656451744,3,3
1656451745,3,3
1656451746,3,3
1656451747,3,3
1656451749,3,3
1656451750,3,3
1656451751,3,3
1656451752,3,3
1656451754,3,3
1656451755,3,6
1656451756,3,6
1656451758,3,6
1656451759,3,6
1656451760,3,6
1656451761,3,6
1656451763,3,6
1656451764,3,6
1656451765,3,6
1656451767,3,6
1656451768,3,6
1656451769,3,6
1656451770,6,7
1656451772,6,7
1656451773,6,7
1656451774,6,7
1656451776,6,7
1656451777,6,7
1656451778,6,7
1656451779,6,7
1656451781,6,7
1656451782,6,7
1656451783,6,7
1656451785,6,7
1656451786,7,7
1656451787,7,7
1656451788,7,7
1656451790,7,7
1656451791,7,7
1656451792,7,7
1656451793,7,7
1656451795,7,7
1656451796,7,7
1656451797,7,7
1656451798,7,7
1656451800,7,7
1656451801,7,7
1656451802,7,7
1656451804,7,7
1656451805,7,7
1656451806,7,7
1656451808,7,7
1656451809,7,7
1656451810,7,7
1656451811,7,7
1656451813,7,7
1656451814,7,7
1656451815,7,7
1656451817,7,7
1656451818,7,7
1656451819,7,7
1656451820,7,7
1656451822,7,7
1656451823,7,7
1656451824,7,7
1656451826,7,7
1656451827,7,7
1656451828,7,7
1656451829,7,7
1656451831,7,7
1656451832,7,7
1656451833,7,7
1656451835,7,7
1656451836,7,7
1656451837,7,7
1656451838,7,7
1656451840,7,7
1656451841,7,7
1656451842,7,7
1656451844,7,7
1656451845,7,12
1656451846,7,12
1656451848,7,12
1656451849,7,12
1656451850,7,12
1656451851,7,12
1656451853,7,12
1656451854,7,12
1656451855,7,12
1656451857,7,12
1656451858,7,12
1656451859,7,12
1656451861,12,12
1656451862,12,12
1656451863,12,12
1656451865,12,12
1656451866,12,12
1656451867,12,12
1656451868,12,12
1656451870,12,12
1656451871,12,12
1656451872,12,12
1656451874,12,12
1656451875,12,12
1656451876,12,12
1656451877,12,12
1656451879,12,12
1656451880,12,12
1656451881,12,12
1656451883,12,12
1656451884,12,12
1656451885,12,12
1656451887,12,12
1656451888,12,12
1656451889,12,12
1656451890,12,12
1656451892,12,12
1656451893,12,12
1656451894,12,12
1656451896,12,12
1656451897,12,12
1656451898,12,12
1656451900,12,12
1656451901,12,12
1656451902,12,12
1656451903,12,12
1656451905,12,12
1656451906,12,12
1656451907,12,12
1656451909,12,12
1656451910,12,12
1656451911,12,12
1656451913,12,12
1656451914,12,12
1656451915,12,12
1656451917,12,12
1656451918,12,12
1656451919,12,12
1656451920,12,12
1656451922,12,12
1656451923,12,12
1656451924,12,12
1656451926,12,12
1656451927,12,12
1656451928,12,12
1656451930,12,12
1656451931,12,12
1656451932,12,12
1656451934,12,12
1656451935,12,12
1656451936,12,12
1656451938,12,12
1656451939,12,12
