seconds,current,desired
1656451604,1,1
1656451606,1,1
1656451607,1,1
1656451608,1,1
1656451609,1,1
1656451611,1,1
1656451612,1,1
1656451613,1,1
1656451615,1,1
1656451616,1,1
1656451617,1,1
1656451618,1,1
1656451620,1,1
1656451621,1,1
1656451623,1,1
1656451624,1,1
1656451625,1,1
1656451626,1,1
1656451628,1,1
1656451629,1,1
1656451630,1,1
1656451632,1,1
1656451633,1,1
1656451634,1,1
1656451636,1,1
1656451637,1,1
1656451638,1,2
1656451639,1,2
1656451641,1,2
1656451642,1,2
1656451643,1,2
1656451644,1,2
1656451646,1,2
1656451647,1,2
1656451648,1,2
1656451650,1,2
1656451651,1,2
1656451652,1,2
1656451653,2,2
1656451655,2,2
1656451656,2,2
1656451657,2,2
1656451659,2,2
1656451660,2,2
1656451661,2,2
1656451662,2,2
1656451664,2,2
1656451665,2,2
1656451666,2,2
1656451668,2,2
1656451669,2,2
1656451670,2,2
1656451671,2,2
1656451673,2,2
1656451674,2,2
1656451675,2,2
1656451677,2,2
1656451678,2,2
1656451679,2,2
1656451681,2,2
1656451682,2,2
1656451683,2,2
1656451684,2,2
1656451686,2,2
1656451687,2,2
1656451688,2,2
1656451690,2,2
1656451691,2,2
1656451692,2,2
1656451694,2,2
1656451695,2,2
1656451696,2,2
1656451697,2,3
1656451699,2,3
1656451700,2,3
1656451701,2,3
1656451702,2,3
1656451704,2,3
1656451705,2,3
1656451706,2,3
1656451708,2,3
1656451709,2,3
1656451710,2,3
1656451711,2,3
1656451713,3,3
1656451714,3,3
1656451715,3,3
1656451716,3,3
1656451718,3,3
1656451719,3,3
1656451720,3,3
1656451722,3,3
1656451723,3,3
1656451724,3,3
1656451726,3,3
1656451727,3,3
1656451728,3,4
1656451729,3,4
1656451731,3,4
1656451732,3,4
1656451733,3,4
1656451735,3,4
1656451736,3,4
1656451737,3,4
1656451738,3,4
1656451740,3,4
1656451741,3,4
1656451742,3,4
1656451744,4,4
1656451745,4,4
1656451746,4,4
1656451747,4,4
1656451749,4,4
1656451750,4,4
1656451751,4,4
1656451753,4,4
1656451754,4,4
1656451755,4,4
1656451756,4,4
1656451758,4,4
1656451759,4,4
1656451760,4,4
1656451762,4,4
1656451763,4,4
1656451764,4,4
1656451766,4,4
1656451767,4,4
1656451768,4,4
1656451769,4,4
1656451771,4,4
1656451772,4,4
1656451773,4,4
1656451775,4,4
1656451776,4,4
1656451777,4,4
1656451778,4,4
1656451780,4,4
1656451781,4,4
1656451782,4,4
1656451783,4,4
1656451785,4,4
1656451786,4,4
1656451787,4,4
1656451789,4,7
1656451790,4,7
1656451791,4,7
1656451792,4,7
1656451794,4,7
1656451795,4,7
1656451796,4,7
1656451798,4,7
1656451799,4,7
1656451800,4,7
1656451801,4,7
1656451803,4,7
1656451804,7,7
1656451805,7,7
1656451806,7,7
1656451808,7,7
1656451809,7,7
1656451810,7,7
1656451812,7,7
1656451813,7,7
1656451814,7,7
1656451816,7,7
1656451817,7,7
1656451818,7,7
1656451819,7,7
1656451821,7,7
1656451822,7,7
1656451823,7,7
1656451825,7,7
1656451826,7,7
1656451827,7,7
1656451828,7,7
1656451830,7,7
1656451831,7,7
1656451832,7,7
1656451833,7,7
1656451835,7,7
1656451836,7,7
1656451837,7,7
1656451839,7,7
1656451840,7,7
1656451841,7,7
1656451842,7,7
1656451844,7,7
1656451845,7,7
1656451846,7,7
1656451848,7,7
1656451849,7,7
1656451850,7,7
1656451851,7,7
1656451853,7,7
1656451854,7,7
1656451855,7,7
1656451857,7,7
1656451858,7,7
1656451859,7,7
1656451861,7,7
1656451862,7,7
1656451863,7,7
1656451865,7,7
1656451866,7,7
1656451867,7,7
1656451869,7,7
1656451870,7,7
1656451871,7,7
1656451873,7,7
1656451874,7,7
1656451875,7,7
1656451876,7,7
1656451878,7,7
1656451879,7,7
1656451880,7,7
1656451882,7,7
1656451883,7,7
1656451884,7,7
1656451885,7,7
1656451887,7,7
1656451888,7,7
1656451889,7,7
1656451891,7,7
1656451892,7,7
1656451893,7,7
1656451895,7,7
1656451896,7,7
1656451897,7,7
1656451898,7,7
1656451900,7,7
1656451901,7,7
1656451902,7,7
1656451904,7,7
1656451905,7,7
1656451906,7,7
1656451908,7,7
1656451909,7,7
1656451910,7,7
1656451912,7,7
1656451913,7,7
1656451914,7,7
1656451915,7,7
1656451917,7,7
1656451918,7,7
1656451919,7,7
1656451921,7,7
1656451922,7,7
1656451923,7,7
1656451925,7,7
1656451926,7,7
1656451927,7,7
1656451928,7,7
1656451930,7,7
1656451931,7,7
1656451932,7,7
1656451934,7,7
1656451935,7,7
1656451936,7,7
1656451938,7,7
1656451939,7,7
