seconds,current,desired
1656355514,1,1
1656355516,1,1
1656355517,1,1
1656355518,1,1
1656355520,1,1
1656355521,1,1
1656355522,1,1
1656355524,1,1
1656355525,1,1
1656355526,1,1
1656355528,1,1
1656355529,1,1
1656355530,1,1
1656355532,1,1
1656355533,1,1
1656355534,1,1
1656355536,1,1
1656355537,1,1
1656355538,1,1
1656355539,1,1
1656355541,1,1
1656355542,1,1
1656355543,1,1
1656355545,1,1
1656355546,1,1
1656355547,1,1
1656355549,1,1
1656355550,1,1
1656355551,1,1
1656355553,1,1
1656355554,1,1
1656355555,1,1
1656355557,1,1
1656355558,1,1
1656355559,1,1
1656355560,1,1
1656355562,1,1
1656355563,1,1
1656355564,1,1
1656355566,1,1
1656355567,1,1
1656355568,1,1
1656355570,1,1
1656355571,1,1
1656355572,1,1
1656355573,1,1
1656355575,1,1
1656355576,1,1
1656355577,1,1
1656355579,1,1
1656355580,1,1
1656355581,1,1
1656355583,1,1
1656355584,1,1
1656355585,1,1
1656355587,1,1
1656355588,1,1
1656355589,1,1
1656355590,1,1
1656355592,1,1
1656355593,1,1
1656355594,1,1
1656355596,1,1
1656355597,1,1
1656355598,1,1
1656355599,1,1
1656355601,1,1
1656355602,1,1
1656355603,1,1
1656355605,1,1
1656355606,1,1
1656355607,1,1
1656355609,1,1
1656355610,1,1
1656355611,1,1
1656355613,1,1
1656355614,1,1
1656355615,1,1
1656355617,1,1
1656355618,1,1
1656355619,1,1
1656355620,1,1
1656355622,1,1
1656355623,1,1
1656355624,1,1
1656355626,1,1
1656355627,1,1
1656355628,1,1
1656355630,1,1
1656355631,1,1
1656355632,1,1
1656355634,1,1
1656355635,1,1
1656355637,1,1
1656355638,1,1
1656355639,1,1
1656355640,1,1
1656355642,1,1
1656355643,1,1
1656355644,1,1
1656355646,1,1
1656355647,1,1
1656355648,1,1
1656355650,1,1
1656355651,1,1
1656355652,1,1
1656355653,1,1
1656355655,1,1
1656355656,1,1
1656355657,1,1
1656355659,1,1
1656355660,1,1
1656355661,1,1
1656355663,1,1
1656355664,1,2
1656355665,1,2
1656355666,1,2
1656355668,1,2
1656355669,1,2
1656355670,1,2
1656355672,1,2
1656355673,1,2
1656355675,1,2
1656355676,1,2
1656355677,1,2
1656355679,2,2
1656355680,2,2
1656355681,2,2
1656355682,2,2
1656355684,2,2
1656355685,2,2
1656355686,2,2
1656355688,2,2
1656355689,2,2
1656355690,2,2
1656355692,2,2
1656355693,2,2
1656355694,2,2
1656355696,2,2
1656355697,2,2
1656355698,2,2
1656355700,2,2
1656355701,2,2
1656355702,2,2
1656355704,2,2
1656355705,2,2
1656355706,2,2
1656355707,2,2
1656355709,2,2
1656355710,2,2
1656355711,2,2
1656355713,2,2
1656355714,2,2
1656355715,2,2
1656355717,2,2
1656355718,2,2
1656355719,2,2
1656355721,2,2
1656355722,2,2
1656355724,2,2
1656355725,2,2
1656355727,2,2
1656355728,2,2
1656355730,2,2
1656355731,2,2
1656355732,2,2
1656355733,2,2
1656355735,2,2
1656355736,2,2
1656355737,2,2
1656355739,2,2
1656355740,2,2
1656355742,2,2
1656355743,2,2
1656355744,2,2
1656355746,2,2
1656355747,2,2
1656355749,2,2
1656355751,2,2
1656355752,2,2
1656355754,2,2
1656355755,2,2
1656355756,2,2
1656355758,2,2
1656355759,2,2
1656355760,2,2
1656355762,2,2
1656355763,2,2
1656355764,2,2
1656355766,2,2
1656355767,2,2
