seconds,current,desired
1656355512,1,1
1656355514,1,1
1656355515,1,1
1656355516,1,1
1656355518,1,1
1656355519,1,1
1656355520,1,1
1656355522,1,1
1656355523,1,1
1656355524,1,1
1656355526,1,1
1656355528,1,1
1656355529,1,1
1656355530,1,1
1656355531,1,1
1656355533,1,1
1656355534,1,1
1656355535,1,1
1656355537,1,1
1656355538,1,1
1656355539,1,1
1656355541,1,1
1656355542,1,1
1656355543,1,1
1656355545,1,1
1656355546,1,1
1656355547,1,1
1656355548,1,1
1656355550,1,1
1656355551,1,1
1656355552,1,1
1656355554,1,1
1656355555,1,1
1656355556,1,1
1656355558,1,1
1656355559,1,1
1656355560,1,1
1656355562,1,1
1656355563,1,1
1656355564,1,1
1656355566,1,1
1656355567,1,1
1656355568,1,1
1656355569,1,1
1656355571,1,1
1656355572,1,1
1656355573,1,1
1656355575,1,1
1656355576,1,3
1656355577,1,3
1656355579,1,3
1656355580,1,3
1656355581,1,3
1656355583,1,3
1656355584,1,3
1656355585,1,3
1656355586,1,3
1656355588,1,3
1656355589,1,3
1656355590,3,3
1656355592,3,3
1656355593,3,3
1656355594,3,3
1656355596,3,3
1656355597,3,3
1656355598,3,3
1656355599,3,3
1656355601,3,3
1656355602,3,3
1656355603,3,3
1656355605,3,3
1656355606,3,3
1656355607,3,3
1656355609,3,3
1656355610,3,3
1656355611,3,3
1656355613,3,3
1656355614,3,3
1656355615,3,3
1656355616,3,3
1656355618,3,3
1656355619,3,3
1656355620,3,3
1656355622,3,3
1656355623,3,3
1656355624,3,3
1656355626,3,3
1656355627,3,3
1656355628,3,3
1656355630,3,3
1656355631,3,3
1656355632,3,3
1656355633,3,3
1656355635,3,3
1656355636,3,3
1656355637,3,3
1656355639,3,3
1656355640,3,3
1656355641,3,3
1656355643,3,3
1656355644,3,3
1656355645,3,3
1656355646,3,3
1656355648,3,3
1656355649,3,3
1656355650,3,3
1656355652,3,3
1656355653,3,3
1656355654,3,3
1656355656,3,3
1656355657,3,3
1656355658,3,3
1656355660,3,3
1656355661,3,3
1656355662,3,3
1656355663,3,3
1656355665,3,3
1656355666,3,5
1656355667,3,5
1656355669,3,5
1656355670,3,5
1656355671,3,5
1656355673,3,5
1656355674,3,5
1656355675,3,5
1656355677,3,5
1656355678,
1656355689,5,5
1656355690,5,5
1656355692,5,5
1656355693,5,5
1656355694,5,5
1656355696,5,8
1656355697,5,8
1656355698,5,8
1656355700,5,8
1656355701,5,8
1656355702,5,8
1656355704,5,8
1656355705,5,8
1656355706,5,8
1656355708,5,8
1656355709,5,8
1656355710,8,8
1656355712,
1656355723,8,8
1656355724,8,8
1656355726,8,8
1656355727,8,8
1656355728,8,8
1656355730,8,8
1656355731,8,8
1656355732,8,8
1656355734,8,8
1656355735,8,8
1656355736,8,8
1656355738,8,8
1656355739,8,8
1656355740,8,8
1656355742,8,8
1656355743,8,8
1656355744,8,8
1656355746,8,8
1656355747,8,8
1656355750,8,8
1656355751,8,8
1656355752,8,8
1656355754,8,8
1656355755,8,8
1656355756,8,10
1656355758,8,10
1656355759,8,10
1656355760,8,10
1656355762,8,10
1656355763,8,10
1656355764,8,10
1656355766,8,10
