seconds,current,desired
1656494047,1,1
1656494049,1,1
1656494050,1,1
1656494052,1,1
1656494053,1,1
1656494055,1,1
1656494056,1,1
1656494057,1,1
1656494059,1,1
1656494060,1,1
1656494061,1,1
1656494063,1,1
1656494064,1,1
1656494065,1,1
1656494067,1,1
1656494068,1,1
1656494070,1,1
1656494071,1,1
1656494072,1,1
1656494074,1,1
1656494075,1,1
1656494076,1,1
1656494078,1,1
1656494079,1,1
1656494081,1,1
1656494082,1,1
1656494084,1,1
1656494085,1,1
1656494086,1,1
1656494088,1,1
1656494089,1,1
1656494090,1,1
1656494092,1,1
1656494093,1,1
1656494094,1,1
1656494096,1,1
1656494097,1,1
1656494098,1,1
1656494100,1,1
1656494101,1,2
1656494104,1,2
1656494105,1,2
1656494107,1,2
1656494108,1,2
1656494109,1,2
1656494111,1,2
1656494112,1,2
1656494113,1,2
1656494115,1,2
1656494116,2,2
1656494118,2,2
1656494119,2,2
1656494120,2,2
1656494122,2,2
1656494123,2,2
1656494125,2,2
1656494126,2,2
1656494128,2,2
1656494129,2,2
1656494131,2,2
1656494133,2,2
1656494134,2,2
1656494136,2,2
1656494137,2,2
1656494139,2,2
1656494140,2,2
1656494142,2,2
1656494143,2,2
1656494145,2,2
1656494146,2,2
1656494147,2,2
1656494149,2,2
1656494150,2,2
1656494152,2,2
1656494153,2,2
1656494155,2,2
1656494156,2,2
1656494158,2,2
1656494159,2,2
1656494161,2,2
1656494163,2,2
1656494165,2,2
1656494166,2,2
1656494168,2,2
1656494169,2,2
1656494171,2,2
1656494173,2,2
1656494175,2,2
1656494176,2,2
1656494178,2,2
1656494179,2,2
1656494181,2,2
1656494182,2,2
1656494184,2,2
1656494185,2,2
1656494187,2,2
1656494190,2,2
1656494191,2,4
1656494193,2,4
1656494194,2,4
1656494196,2,4
1656494197,2,4
1656494199,2,4
1656494200,2,4
1656494202,2,4
1656494204,2,4
1656494205,2,4
1656494206,4,4
1656494208,4,4
1656494209,4,4
1656494211,4,4
1656494212,4,4
1656494214,4,4
1656494215,4,4
1656494217,4,4
1656494219,4,4
1656494220,4,4
1656494221,4,4
1656494223,4,4
1656494224,4,4
1656494226,4,4
1656494227,4,4
1656494229,4,4
1656494230,4,4
1656494231,4,4
1656494233,4,4
1656494234,4,4
1656494236,4,4
1656494237,4,4
1656494239,4,4
1656494241,4,4
1656494242,4,4
1656494243,4,4
1656494245,4,4
1656494246,4,4
1656494247,4,4
1656494249,4,4
1656494250,4,4
1656494252,4,4
1656494253,4,4
1656494254,4,4
1656494256,4,4
1656494257,4,4
1656494259,4,4
1656494260,4,4
1656494262,4,4
1656494263,4,4
1656494264,4,4
1656494266,4,4
1656494268,4,4
1656494270,4,4
1656494271,4,4
1656494273,4,4
1656494275,4,4
1656494276,4,4
1656494278,4,4
1656494279,4,4
1656494281,4,4
1656494282,4,5
1656494284,4,5
1656494285,4,5
1656494287,4,5
1656494288,4,5
1656494289,4,5
1656494291,4,5
1656494293,4,5
1656494294,4,5
1656494295,4,5
1656494297,5,5
1656494298,5,5
1656494300,5,5
1656494301,5,5
1656494302,5,5
1656494304,5,5
1656494305,5,5
1656494307,5,5
1656494309,5,5
1656494310,5,5
1656494311,5,5
1656494313,5,5
1656494315,5,5
1656494316,5,5
1656494317,5,5
1656494319,5,5
1656494320,5,5
1656494322,5,5
1656494323,5,5
1656494325,5,5
1656494326,5,5
1656494328,5,5
1656494329,5,5
1656494331,5,5
1656494332,5,5
1656494334,5,5
1656494335,5,5
1656494336,5,5
1656494338,5,5
1656494340,5,5
1656494341,5,5
1656494343,5,5
1656494345,5,5
1656494346,5,5
1656494347,5,5
1656494349,5,5
1656494350,5,5
1656494351,5,5
1656494353,5,5
1656494354,5,5
1656494356,5,5
1656494357,5,5
1656494358,5,5
1656494360,5,5
1656494361,5,5
1656494363,5,5
1656494365,5,5
1656494366,5,5
1656494367,5,5
1656494369,5,5
1656494370,5,5
1656494372,5,5
1656494373,5,5
1656494375,5,5
1656494376,5,5
1656494378,5,5
1656494379,5,5
1656494380,5,5
1656494382,5,5
1656494383,5,5
1656494387,5,5
1656494389,5,5
1656494391,5,5
1656494400,5,5
1656494402,5,5
1656494403,5,5
1656494405,5,5
