seconds,current,desired
1656494045,1,2
1656494046,1,2
1656494048,1,2
1656494049,1,2
1656494051,1,2
1656494052,1,2
1656494053,1,2
1656494055,1,2
1656494056,1,2
1656494058,2,2
1656494059,2,2
1656494061,2,2
1656494062,2,2
1656494064,2,2
1656494065,2,2
1656494066,2,2
1656494068,2,2
1656494069,2,2
1656494070,2,2
1656494072,2,2
1656494073,2,2
1656494075,2,2
1656494076,2,2
1656494077,2,2
1656494079,2,2
1656494080,2,2
1656494082,2,2
1656494083,2,2
1656494084,2,2
1656494086,2,2
1656494087,2,2
1656494089,2,2
1656494090,2,2
1656494092,2,2
1656494093,2,2
1656494094,2,2
1656494096,2,2
1656494097,2,2
1656494098,2,2
1656494100,2,2
1656494101,2,2
1656494103,2,2
1656494104,2,2
1656494106,2,2
1656494107,2,2
1656494109,2,2
1656494110,2,2
1656494111,2,2
1656494113,2,2
1656494114,2,2
1656494116,2,2
1656494117,2,2
1656494118,2,2
1656494120,2,2
1656494121,2,2
1656494123,2,2
1656494124,2,2
1656494126,2,2
1656494127,2,2
1656494129,2,2
1656494131,2,2
1656494132,2,2
1656494134,2,2
1656494135,2,2
1656494137,2,2
1656494138,2,2
1656494140,2,2
1656494141,2,2
1656494143,2,2
1656494144,2,2
1656494146,2,2
1656494147,2,2
1656494149,2,2
1656494150,2,2
1656494151,2,2
1656494153,2,2
1656494155,2,2
1656494156,2,2
1656494158,2,2
1656494159,2,2
1656494161,2,3
1656494163,2,3
1656494165,2,3
1656494166,2,3
1656494168,2,3
1656494169,2,3
1656494171,2,3
1656494173,2,3
1656494175,2,3
1656494176,2,3
1656494177,3,3
1656494179,3,3
1656494180,3,3
1656494182,3,3
1656494183,3,3
1656494185,3,3
1656494186,3,3
1656494188,3,3
1656494190,3,3
1656494191,3,3
1656494192,3,3
1656494194,3,3
1656494196,3,3
1656494197,3,3
1656494199,3,3
1656494200,3,3
1656494202,3,3
1656494204,3,3
1656494205,3,3
1656494207,3,3
1656494208,3,3
1656494210,3,3
1656494211,3,3
1656494213,3,3
1656494214,3,3
1656494216,3,3
1656494217,3,3
1656494219,3,3
1656494220,3,3
1656494222,3,3
1656494223,3,3
1656494224,3,3
1656494226,3,3
1656494227,3,3
1656494229,3,3
1656494230,3,3
1656494231,3,3
1656494233,3,3
1656494234,3,3
1656494236,3,3
1656494237,3,3
1656494238,3,3
1656494240,3,3
1656494241,3,3
1656494242,3,3
1656494244,3,3
1656494245,3,3
1656494247,3,3
1656494248,3,3
1656494250,3,3
1656494251,3,3
1656494253,3,4
1656494254,3,4
1656494255,3,4
1656494257,3,4
1656494258,3,4
1656494259,3,4
1656494261,3,4
1656494262,3,4
1656494264,3,4
1656494265,3,4
1656494267,3,4
1656494268,4,4
1656494269,4,4
1656494271,4,4
1656494272,4,4
1656494274,4,4
1656494275,4,4
1656494277,4,4
1656494278,4,4
1656494279,4,4
1656494281,4,4
1656494283,4,4
1656494284,4,4
1656494286,4,4
1656494287,4,4
1656494288,4,4
1656494290,4,4
1656494291,4,4
1656494293,4,4
1656494294,4,4
1656494296,4,4
1656494297,4,4
1656494299,4,4
1656494300,4,4
1656494302,4,4
1656494303,4,4
1656494305,4,4
1656494306,4,4
1656494307,4,4
1656494309,4,4
1656494310,4,4
1656494312,4,4
1656494313,4,4
1656494315,4,4
1656494317,4,4
1656494318,4,4
1656494320,4,4
1656494321,4,4
1656494322,4,4
1656494324,4,4
1656494325,4,4
1656494327,4,4
1656494328,4,4
1656494330,4,4
1656494331,4,4
1656494332,4,4
1656494334,4,4
1656494335,4,4
1656494336,4,4
1656494338,4,4
1656494339,4,4
1656494341,4,4
1656494342,4,4
1656494343,4,4
1656494345,4,4
1656494346,4,4
1656494347,4,4
1656494349,4,4
1656494350,4,4
1656494352,4,4
1656494353,4,4
1656494354,4,4
1656494356,4,4
1656494357,4,4
1656494359,4,4
1656494360,4,4
1656494362,4,4
1656494363,4,4
1656494365,4,4
1656494366,4,4
1656494367,4,4
1656494369,4,4
1656494371,4,4
1656494372,4,4
1656494373,4,4
1656494375,4,4
1656494376,4,4
1656494378,4,4
1656494379,4,4
1656494380,4,4
1656494382,4,4
1656494384,4,4
1656494387,4,4
1656494389,4,4
1656494391,4,4
1656494400,4,4
1656494402,4,4
1656494403,4,4
