seconds,current,desired
1656354428,1,1
1656354430,1,1
1656354431,1,1
1656354432,1,1
1656354434,1,1
1656354435,1,1
1656354436,1,1
1656354438,1,1
1656354439,1,1
1656354440,1,1
1656354442,1,1
1656354443,1,1
1656354444,1,1
1656354446,1,1
1656354447,1,1
1656354448,1,1
1656354450,1,1
1656354451,1,1
1656354452,1,1
1656354454,1,1
1656354455,1,1
1656354456,1,1
1656354458,1,1
1656354459,1,1
1656354460,1,1
1656354461,1,1
1656354463,1,1
1656354464,1,1
1656354465,1,1
1656354467,1,1
1656354468,1,1
1656354469,1,1
1656354471,1,1
1656354472,1,1
1656354473,1,1
1656354474,1,1
1656354476,1,1
1656354477,1,1
1656354479,1,1
1656354480,1,1
1656354481,1,1
1656354482,1,1
1656354484,1,1
1656354485,1,1
1656354486,1,1
1656354488,1,1
1656354489,1,1
1656354490,1,1
1656354492,1,1
1656354493,1,1
1656354494,1,1
1656354496,1,1
1656354497,1,1
1656354498,1,1
1656354500,1,1
1656354501,1,1
1656354502,1,1
1656354503,1,1
1656354505,1,1
1656354506,1,1
1656354507,1,1
1656354509,1,1
1656354510,1,1
1656354511,1,1
1656354513,1,1
1656354514,1,1
1656354515,1,1
1656354517,1,1
1656354518,1,1
1656354519,1,1
1656354521,1,1
1656354522,1,1
1656354523,1,1
1656354524,1,1
1656354526,1,1
1656354527,1,1
1656354528,1,1
1656354530,1,1
1656354531,1,1
1656354532,1,1
1656354534,1,1
1656354535,1,1
1656354536,1,1
1656354538,1,1
1656354539,1,1
1656354540,1,1
1656354542,1,1
1656354543,1,1
1656354544,1,1
1656354546,1,1
1656354547,1,1
1656354548,1,1
1656354550,1,1
1656354552,1,1
1656354553,1,1
1656354555,1,1
1656354556,1,1
1656354557,1,1
1656354559,1,1
1656354560,1,1
1656354561,1,1
1656354563,1,1
1656354564,1,1
1656354565,1,1
1656354567,1,1
1656354568,1,1
1656354569,1,1
1656354571,1,1
1656354572,1,1
1656354573,1,1
1656354574,1,1
1656354576,1,1
1656354577,1,1
1656354578,1,1
1656354580,1,1
1656354582,1,1
1656354583,1,1
1656354584,1,1
1656354585,1,1
1656354587,1,1
1656354588,1,1
1656354589,1,1
1656354591,1,1
1656354592,1,1
1656354593,1,1
1656354595,1,1
1656354596,1,1
1656354597,1,1
1656354598,1,1
1656354600,1,1
1656354601,1,1
1656354602,1,1
1656354604,1,1
1656354605,1,1
1656354606,1,1
1656354608,1,1
1656354609,1,1
1656354610,1,1
1656354612,1,2
1656354613,1,2
1656354614,1,2
1656354615,1,2
1656354617,1,2
1656354618,1,2
1656354619,1,2
1656354621,1,2
1656354622,1,2
1656354623,1,2
1656354625,1,2
1656354626,2,2
1656354627,2,2
1656354629,2,2
1656354630,2,2
1656354631,2,2
1656354633,2,2
1656354634,2,2
1656354636,2,2
1656354637,2,2
1656354638,2,2
1656354640,2,2
1656354641,2,2
1656354642,2,2
1656354644,2,2
1656354645,2,2
1656354646,2,2
1656354648,2,2
1656354649,2,2
1656354650,2,2
1656354652,2,2
1656354653,2,2
1656354654,2,2
1656354656,2,2
1656354657,2,3
1656354659,2,3
1656354660,2,3
1656354661,2,3
1656354663,2,3
1656354664,2,3
1656354665,2,3
1656354667,2,3
1656354668,2,3
1656354670,2,3
1656354671,3,3
1656354672,3,3
1656354674,3,3
1656354675,3,3
1656354676,3,3
1656354678,3,3
1656354679,3,3
1656354680,3,3
1656354682,3,3
1656354684,3,3
