seconds,current,desired
1656354426,1,1
1656354428,1,1
1656354429,1,1
1656354430,1,1
1656354432,1,1
1656354433,1,1
1656354435,1,1
1656354436,1,1
1656354437,1,1
1656354439,1,1
1656354440,1,1
1656354441,1,1
1656354443,1,1
1656354444,1,1
1656354445,1,1
1656354447,1,1
1656354448,1,1
1656354449,1,1
1656354451,1,1
1656354452,1,1
1656354453,1,1
1656354455,1,1
1656354456,1,1
1656354457,1,1
1656354459,1,1
1656354460,1,1
1656354461,1,1
1656354463,1,1
1656354464,1,1
1656354465,1,1
1656354466,1,1
1656354468,1,1
1656354469,1,1
1656354470,1,1
1656354472,1,1
1656354473,1,1
1656354474,1,1
1656354476,1,1
1656354477,1,1
1656354479,1,1
1656354480,1,1
1656354481,1,1
1656354483,1,1
1656354484,1,1
1656354485,1,1
1656354486,1,1
1656354488,1,1
1656354489,1,1
1656354490,1,1
1656354492,1,1
1656354493,1,1
1656354494,1,1
1656354496,1,1
1656354497,1,1
1656354498,1,1
1656354500,1,1
1656354501,1,1
1656354502,1,1
1656354504,1,1
1656354505,1,1
1656354506,1,1
1656354507,1,1
1656354509,1,1
1656354510,1,1
1656354511,1,1
1656354513,1,1
1656354514,1,1
1656354515,1,1
1656354517,1,1
1656354518,1,1
1656354519,1,1
1656354521,1,1
1656354522,1,1
1656354523,1,3
1656354525,1,3
1656354526,1,3
1656354527,1,3
1656354528,1,3
1656354530,1,3
1656354531,1,3
1656354533,1,3
1656354534,1,3
1656354535,1,3
1656354537,1,3
1656354538,3,3
1656354539,3,3
1656354541,3,3
1656354542,3,3
1656354543,3,3
1656354545,3,3
1656354546,3,3
1656354548,3,3
1656354549,3,3
1656354551,3,3
1656354552,3,3
1656354553,3,3
1656354555,3,3
1656354556,3,3
1656354558,3,3
1656354559,3,3
1656354560,3,3
1656354562,3,3
1656354563,3,3
1656354564,3,3
1656354565,3,3
1656354567,3,3
1656354568,3,3
1656354569,3,3
1656354571,3,3
1656354572,3,3
1656354573,3,3
1656354575,3,3
1656354576,3,3
1656354577,3,3
1656354579,3,3
1656354580,3,3
1656354582,3,3
1656354583,3,3
1656354584,3,3
1656354586,3,3
1656354587,3,3
1656354588,3,3
1656354590,3,3
1656354591,3,3
1656354592,3,3
1656354594,3,3
1656354595,3,3
1656354596,3,3
1656354598,3,3
1656354599,3,3
1656354600,3,3
1656354602,3,3
1656354603,3,3
1656354604,3,3
1656354606,3,3
1656354607,3,3
1656354608,3,3
1656354610,3,3
1656354611,3,3
1656354612,3,3
1656354613,3,6
1656354615,3,6
1656354616,3,6
1656354617,3,6
1656354619,3,6
1656354620,3,6
1656354621,3,6
1656354623,3,6
1656354624,3,6
1656354625,3,6
1656354627,3,6
1656354628,3,6
1656354629,6,8
1656354630,6,8
1656354632,6,8
1656354634,
1656354645,8,8
1656354646,8,8
1656354648,8,8
1656354649,8,8
1656354650,8,8
1656354652,8,8
1656354653,8,8
1656354654,8,8
1656354655,8,8
1656354657,8,8
1656354659,8,8
1656354660,8,8
1656354661,8,8
1656354663,8,8
1656354664,8,8
1656354665,8,8
1656354667,8,8
1656354668,8,8
1656354670,8,8
1656354671,8,8
1656354672,8,8
1656354674,8,8
1656354675,8,8
1656354676,8,8
1656354678,8,8
1656354679,8,8
1656354680,8,8
1656354682,8,8
1656354683,8,8
