seconds,current,desired
1656431052,1,1
1656431054,1,1
1656431055,1,1
1656431056,1,1
1656431058,1,1
1656431059,1,1
1656431060,1,1
1656431061,1,1
1656431063,1,1
1656431064,1,1
1656431065,1,1
1656431067,1,1
1656431068,1,1
1656431069,1,1
1656431071,1,1
1656431072,1,1
1656431073,1,1
1656431075,1,1
1656431076,1,1
1656431077,1,1
1656431078,1,1
1656431080,1,1
1656431081,1,1
1656431082,1,1
1656431084,1,1
1656431085,1,2
1656431086,1,2
1656431087,1,2
1656431089,1,2
1656431090,1,2
1656431092,1,2
1656431093,1,2
1656431094,1,2
1656431096,1,2
1656431097,1,2
1656431098,1,2
1656431099,1,2
1656431101,2,2
1656431102,2,2
1656431104,2,2
1656431105,2,2
1656431106,2,2
1656431108,2,2
1656431109,2,2
1656431110,2,2
1656431111,2,2
1656431113,2,2
1656431114,2,2
1656431115,2,3
1656431117,2,3
1656431118,2,3
1656431119,2,3
1656431121,2,3
1656431122,2,3
1656431123,2,3
1656431124,2,3
1656431126,2,3
1656431127,2,3
1656431128,2,3
1656431130,3,3
1656431131,3,3
1656431132,3,3
1656431134,3,3
1656431135,3,3
1656431136,3,3
1656431138,3,3
1656431139,3,3
1656431140,3,3
1656431142,3,3
1656431143,3,3
1656431144,3,3
1656431145,3,3
1656431147,3,3
1656431148,3,3
1656431149,3,3
1656431151,3,3
1656431152,3,3
1656431154,3,3
1656431155,3,3
1656431156,3,3
1656431158,3,3
1656431159,3,3
1656431160,3,3
1656431161,3,3
1656431163,3,3
1656431164,3,3
1656431165,3,3
1656431167,3,3
1656431168,3,3
1656431169,3,3
1656431170,3,3
1656431172,3,3
1656431173,3,3
1656431174,3,3
1656431176,3,5
1656431177,3,5
1656431178,3,5
1656431180,3,5
1656431181,3,5
1656431182,3,5
1656431183,3,5
1656431185,3,5
1656431186,3,5
1656431187,3,5
1656431189,3,5
1656431190,5,5
1656431192,5,5
1656431193,5,5
1656431195,5,5
1656431196,5,5
1656431197,5,5
1656431198,5,5
1656431200,5,5
1656431201,5,5
1656431203,5,5
1656431204,5,5
1656431205,5,8
1656431207,5,8
1656431208,5,8
1656431209,5,8
1656431210,5,8
1656431212,5,8
1656431213,5,8
1656431214,5,8
1656431216,5,8
1656431217,5,8
1656431218,5,8
1656431220,5,8
1656431221,8,8
1656431222,8,8
1656431223,8,8
1656431225,8,8
1656431226,8,8
1656431227,8,8
1656431229,8,8
1656431230,8,8
1656431231,8,8
1656431233,8,8
1656431234,8,8
1656431235,8,8
1656431236,8,8
1656431238,8,8
1656431239,8,8
1656431240,8,8
1656431242,8,8
1656431243,8,8
1656431244,8,8
1656431246,8,8
1656431247,8,8
1656431248,8,8
1656431249,8,8
1656431251,8,8
1656431252,8,8
1656431253,8,8
1656431255,8,8
1656431256,8,8
1656431257,8,8
1656431258,8,8
1656431260,8,8
1656431261,8,8
1656431262,8,8
1656431264,8,8
1656431265,8,8
1656431266,8,12
1656431268,8,12
1656431269,8,12
1656431270,8,12
1656431271,8,12
1656431273,8,12
1656431274,8,12
1656431275,8,12
1656431276,8,12
1656431278,8,12
1656431279,8,12
1656431281,12,12
1656431282,12,12
1656431283,12,12
1656431284,12,12
1656431286,12,12
1656431287,12,12
1656431288,12,12
1656431290,12,12
1656431291,12,12
1656431292,12,12
1656431293,12,12
1656431295,12,12
1656431296,12,14
1656431297,12,14
1656431299,12,14
1656431300,12,14
1656431301,12,14
1656431303,12,14
1656431304,12,14
1656431305,12,14
1656431306,12,14
1656431308,12,14
1656431309,12,14
1656431310,14,14
1656431312,14,14
1656431313,14,14
1656431314,14,14
1656431315,14,14
1656431317,14,14
1656431318,14,14
1656431319,14,14
1656431321,14,14
1656431322,14,14
1656431323,14,14
1656431324,14,14
1656431326,14,14
1656431327,14,14
1656431328,14,14
1656431329,14,14
1656431331,14,14
1656431332,14,14
1656431333,14,14
1656431335,14,14
1656431336,14,14
1656431337,14,14
1656431339,14,14
1656431340,14,14
1656431341,14,14
1656431342,14,14
1656431344,14,14
1656431345,14,14
1656431346,14,14
1656431348,14,14
1656431349,14,14
1656431350,14,14
1656431351,14,14
1656431353,14,14
1656431354,14,14
1656431355,14,14
1656431357,14,14
1656431358,14,14
1656431359,14,14
1656431360,14,14
1656431362,14,14
1656431363,14,14
1656431364,14,14
1656431366,14,14
1656431367,14,14
1656431368,14,14
1656431369,14,14
1656431371,14,14
1656431372,14,14
1656431374,14,14
1656431375,14,14
1656431376,14,14
1656431378,14,14
1656431379,14,14
1656431380,14,14
1656431382,14,14
1656431383,14,14
1656431384,14,14
1656431386,14,14
1656431387,14,14
1656431388,14,14
1656431390,14,14
