seconds	current_frontend	desired_frontend	current_traefik	desired_traefik
1656431052	1.0	1.0	1.0	1.0
1656431053	1.0	1.0	1.0	1.0
1656431054	1.0	1.0	1.0	1.0
1656431055	1.0	1.0	1.0	1.0
1656431056	1.0	1.0	1.0	1.0
1656431057	1.0	1.0	1.0	1.0
1656431058	1.0	1.0	1.0	1.0
1656431059	1.0	1.0	1.0	1.0
1656431060	1.0	1.0	1.0	1.0
1656431061	1.0	1.0	1.0	1.0
1656431062	1.0	1.0	1.0	1.0
1656431063	1.0	1.0	1.0	1.0
1656431064	1.0	1.0	1.0	1.0
1656431065	1.0	1.0	1.0	1.0
1656431066	1.0	1.0	1.0	1.0
1656431067	1.0	1.0	1.0	1.0
1656431068	1.0	1.0	1.0	1.0
1656431069	1.0	1.0	1.0	1.0
1656431070	1.0	1.0	1.0	1.0
1656431071	1.0	1.0	1.0	1.0
1656431072	1.0	1.0	1.0	1.0
1656431073	1.0	1.0	1.0	1.0
1656431074	1.0	1.0	1.0	1.0
1656431075	1.0	1.0	1.0	1.0
1656431076	1.0	1.0	1.0	1.0
1656431077	1.0	1.0	1.0	1.0
1656431078	1.0	1.0	1.0	1.0
1656431079	1.0	1.0	1.0	1.0
1656431080	1.0	1.0	1.0	1.0
1656431081	1.0	1.0	1.0	1.0
1656431082	1.0	1.0	1.0	1.0
1656431083	1.0	1.0	1.0	1.0
1656431084	1.0	1.0	1.0	1.0
1656431085	1.0	1.0	1.0	2.0
1656431086	1.0	1.0	1.0	2.0
1656431087	1.0	1.0	1.0	2.0
1656431088	1.0	1.0	1.0	2.0
1656431089	1.0	1.0	1.0	2.0
1656431090	1.0	1.0	1.0	2.0
1656431091	1.0	1.0	1.0	2.0
1656431092	1.0	1.0	1.0	2.0
1656431093	1.0	1.0	1.0	2.0
1656431094	1.0	1.0	1.0	2.0
1656431095	1.0	1.0	1.0	2.0
1656431096	1.0	1.0	1.0	2.0
1656431097	1.0	1.0	1.0	2.0
1656431098	1.0	1.0	1.0	2.0
1656431099	1.0	1.0	1.0	2.0
1656431100	1.0	1.0	2.0	2.0
1656431101	1.0	1.0	2.0	2.0
1656431102	1.0	1.0	2.0	2.0
1656431103	1.0	1.0	2.0	2.0
1656431104	1.0	1.0	2.0	2.0
1656431105	1.0	1.0	2.0	2.0
1656431106	1.0	1.0	2.0	2.0
1656431107	1.0	1.0	2.0	2.0
1656431108	1.0	1.0	2.0	2.0
1656431109	1.0	1.0	2.0	2.0
1656431110	1.0	1.0	2.0	2.0
1656431111	1.0	1.0	2.0	2.0
1656431112	1.0	1.0	2.0	2.0
1656431113	1.0	1.0	2.0	2.0
1656431114	1.0	1.0	2.0	2.0
1656431115	1.0	1.0	2.0	3.0
1656431116	1.0	1.0	2.0	3.0
1656431117	1.0	1.0	2.0	3.0
1656431118	1.0	1.0	2.0	3.0
1656431119	1.0	1.0	2.0	3.0
1656431120	1.0	1.0	2.0	3.0
1656431121	1.0	1.0	2.0	3.0
1656431122	1.0	1.0	2.0	3.0
1656431123	1.0	1.0	2.0	3.0
1656431124	1.0	1.0	2.0	3.0
1656431125	1.0	1.0	2.0	3.0
1656431126	1.0	1.0	2.0	3.0
1656431127	1.0	1.0	2.0	3.0
1656431128	1.0	1.0	2.0	3.0
1656431129	1.0	1.0	3.0	3.0
1656431130	1.0	1.0	3.0	3.0
1656431131	1.0	1.0	3.0	3.0
1656431132	1.0	1.0	3.0	3.0
1656431133	1.0	1.0	3.0	3.0
1656431134	1.0	1.0	3.0	3.0
1656431135	1.0	1.0	3.0	3.0
1656431136	1.0	1.0	3.0	3.0
1656431137	1.0	1.0	3.0	3.0
1656431138	1.0	1.0	3.0	3.0
1656431139	1.0	1.0	3.0	3.0
1656431140	1.0	1.0	3.0	3.0
1656431141	1.0	1.0	3.0	3.0
1656431142	1.0	1.0	3.0	3.0
1656431143	1.0	1.0	3.0	3.0
1656431144	1.0	1.0	3.0	3.0
1656431145	1.0	1.0	3.0	3.0
1656431146	1.0	1.0	3.0	3.0
1656431147	1.0	1.0	3.0	3.0
1656431148	1.0	1.0	3.0	3.0
1656431149	1.0	1.0	3.0	3.0
1656431150	1.0	1.0	3.0	3.0
1656431151	1.0	1.0	3.0	3.0
1656431152	1.0	1.0	3.0	3.0
1656431153	1.0	1.0	3.0	3.0
1656431154	1.0	1.0	3.0	3.0
1656431155	1.0	1.0	3.0	3.0
1656431156	1.0	1.0	3.0	3.0
1656431157	1.0	1.0	3.0	3.0
1656431158	1.0	1.0	3.0	3.0
1656431159	1.0	1.0	3.0	3.0
1656431160	1.0	1.0	3.0	3.0
1656431161	1.0	1.0	3.0	3.0
1656431162	1.0	1.0	3.0	3.0
1656431163	1.0	1.0	3.0	3.0
1656431164	1.0	1.0	3.0	3.0
1656431165	1.0	1.0	3.0	3.0
1656431166	1.0	1.0	3.0	3.0
1656431167	1.0	1.0	3.0	3.0
1656431168	1.0	1.0	3.0	3.0
1656431169	1.0	1.0	3.0	3.0
1656431170	1.0	1.0	3.0	3.0
1656431171	1.0	1.0	3.0	3.0
1656431172	1.0	1.0	3.0	3.0
1656431173	1.0	1.0	3.0	3.0
1656431174	1.0	1.0	3.0	3.0
1656431175	1.0	1.0	3.0	5.0
1656431176	1.0	1.0	3.0	5.0
1656431177	1.0	1.0	3.0	5.0
1656431178	1.0	1.0	3.0	5.0
1656431179	1.0	1.0	3.0	5.0
1656431180	1.0	1.0	3.0	5.0
1656431181	1.0	1.0	3.0	5.0
1656431182	1.0	1.0	3.0	5.0
1656431183	1.0	1.0	3.0	5.0
1656431184	1.0	1.0	3.0	5.0
1656431185	1.0	1.0	3.0	5.0
1656431186	1.0	1.0	3.0	5.0
1656431187	1.0	1.0	3.0	5.0
1656431188	1.0	1.0	3.0	5.0
1656431189	1.0	1.0	3.0	5.0
1656431190	1.0	1.0	5.0	5.0
1656431191	1.0	1.0	5.0	5.0
1656431192	1.0	1.0	5.0	5.0
1656431193	1.0	1.0	5.0	5.0
1656431194	1.0	1.0	5.0	5.0
1656431195	1.0	1.0	5.0	5.0
1656431196	1.0	1.0	5.0	5.0
1656431197	1.0	1.0	5.0	5.0
1656431198	1.0	1.0	5.0	5.0
1656431199	1.0	1.0	5.0	5.0
1656431200	1.0	1.0	5.0	5.0
1656431201	1.0	1.0	5.0	5.0
1656431202	1.0	1.0	5.0	5.0
1656431203	1.0	1.0	5.0	5.0
1656431204	1.0	1.0	5.0	5.0
1656431205	1.0	1.0	5.0	8.0
1656431206	1.0	1.0	5.0	8.0
1656431207	1.0	1.0	5.0	8.0
1656431208	1.0	1.0	5.0	8.0
1656431209	1.0	1.0	5.0	8.0
1656431210	1.0	1.0	5.0	8.0
1656431211	1.0	2.0	5.0	8.0
1656431212	1.0	2.0	5.0	8.0
1656431213	1.0	2.0	5.0	8.0
1656431214	1.0	2.0	5.0	8.0
1656431215	1.0	2.0	5.0	8.0
1656431216	1.0	2.0	5.0	8.0
1656431217	1.0	2.0	5.0	8.0
1656431218	1.0	2.0	5.0	8.0
1656431219	1.0	2.0	5.0	8.0
1656431220	1.0	2.0	5.0	8.0
1656431221	1.0	2.0	8.0	8.0
1656431222	1.0	2.0	8.0	8.0
1656431223	1.0	2.0	8.0	8.0
1656431224	1.0	2.0	8.0	8.0
1656431225	2.0	2.0	8.0	8.0
1656431226	2.0	2.0	8.0	8.0
1656431227	2.0	2.0	8.0	8.0
1656431228	2.0	2.0	8.0	8.0
1656431229	2.0	2.0	8.0	8.0
1656431230	2.0	2.0	8.0	8.0
1656431231	2.0	2.0	8.0	8.0
1656431232	2.0	2.0	8.0	8.0
1656431233	2.0	2.0	8.0	8.0
1656431234	2.0	2.0	8.0	8.0
1656431235	2.0	2.0	8.0	8.0
1656431236	2.0	2.0	8.0	8.0
1656431237	2.0	2.0	8.0	8.0
1656431238	2.0	2.0	8.0	8.0
1656431239	2.0	2.0	8.0	8.0
1656431240	2.0	2.0	8.0	8.0
1656431241	2.0	2.0	8.0	8.0
1656431242	2.0	2.0	8.0	8.0
1656431243	2.0	2.0	8.0	8.0
1656431244	2.0	2.0	8.0	8.0
1656431245	2.0	2.0	8.0	8.0
1656431246	2.0	2.0	8.0	8.0
1656431247	2.0	2.0	8.0	8.0
1656431248	2.0	2.0	8.0	8.0
1656431249	2.0	2.0	8.0	8.0
1656431250	2.0	2.0	8.0	8.0
1656431251	2.0	2.0	8.0	8.0
1656431252	2.0	2.0	8.0	8.0
1656431253	2.0	2.0	8.0	8.0
1656431254	2.0	2.0	8.0	8.0
1656431255	2.0	2.0	8.0	8.0
1656431256	2.0	2.0	8.0	8.0
1656431257	2.0	2.0	8.0	8.0
1656431258	2.0	2.0	8.0	8.0
1656431259	2.0	2.0	8.0	8.0
1656431260	2.0	2.0	8.0	8.0
1656431261	2.0	2.0	8.0	8.0
1656431262	2.0	2.0	8.0	8.0
1656431263	2.0	2.0	8.0	8.0
1656431264	2.0	2.0	8.0	8.0
1656431265	2.0	2.0	8.0	8.0
1656431266	2.0	2.0	8.0	12.0
1656431267	2.0	2.0	8.0	12.0
1656431268	2.0	2.0	8.0	12.0
1656431269	2.0	2.0	8.0	12.0
1656431270	2.0	2.0	8.0	12.0
1656431271	2.0	2.0	8.0	12.0
1656431272	2.0	2.0	8.0	12.0
1656431273	2.0	2.0	8.0	12.0
1656431274	2.0	2.0	8.0	12.0
1656431275	2.0	2.0	8.0	12.0
1656431276	2.0	2.0	8.0	12.0
1656431277	2.0	2.0	8.0	12.0
1656431278	2.0	2.0	8.0	12.0
1656431279	2.0	2.0	8.0	12.0
1656431280	2.0	2.0	12.0	12.0
1656431281	2.0	2.0	12.0	12.0
1656431282	2.0	2.0	12.0	12.0
1656431283	2.0	2.0	12.0	12.0
1656431284	2.0	2.0	12.0	12.0
1656431285	2.0	2.0	12.0	12.0
1656431286	2.0	2.0	12.0	12.0
1656431287	2.0	2.0	12.0	12.0
1656431288	2.0	2.0	12.0	12.0
1656431289	2.0	2.0	12.0	12.0
1656431290	2.0	2.0	12.0	12.0
1656431291	2.0	2.0	12.0	12.0
1656431292	2.0	2.0	12.0	12.0
1656431293	2.0	2.0	12.0	12.0
1656431294	2.0	2.0	12.0	12.0
1656431295	2.0	2.0	12.0	12.0
1656431296	2.0	2.0	12.0	14.0
1656431297	2.0	2.0	12.0	14.0
1656431298	2.0	2.0	12.0	14.0
1656431299	2.0	2.0	12.0	14.0
1656431300	2.0	2.0	12.0	14.0
1656431301	2.0	3.0	12.0	14.0
1656431302	2.0	3.0	12.0	14.0
1656431303	2.0	3.0	12.0	14.0
1656431304	2.0	3.0	12.0	14.0
1656431305	2.0	3.0	12.0	14.0
1656431306	2.0	3.0	12.0	14.0
1656431307	2.0	3.0	12.0	14.0
1656431308	2.0	3.0	12.0	14.0
1656431309	2.0	3.0	12.0	14.0
1656431310	2.0	3.0	14.0	14.0
1656431311	2.0	3.0	14.0	14.0
1656431312	2.0	3.0	14.0	14.0
1656431313	2.0	3.0	14.0	14.0
1656431314	2.0	3.0	14.0	14.0
1656431315	2.0	3.0	14.0	14.0
1656431316	3.0	3.0	14.0	14.0
1656431317	3.0	3.0	14.0	14.0
1656431318	3.0	3.0	14.0	14.0
1656431319	3.0	3.0	14.0	14.0
1656431320	3.0	3.0	14.0	14.0
1656431321	3.0	3.0	14.0	14.0
1656431322	3.0	3.0	14.0	14.0
1656431323	3.0	3.0	14.0	14.0
1656431324	3.0	3.0	14.0	14.0
1656431325	3.0	3.0	14.0	14.0
1656431326	3.0	3.0	14.0	14.0
1656431327	3.0	3.0	14.0	14.0
1656431328	3.0	3.0	14.0	14.0
1656431329	3.0	3.0	14.0	14.0
1656431330	3.0	3.0	14.0	14.0
1656431331	3.0	3.0	14.0	14.0
1656431332	3.0	3.0	14.0	14.0
1656431333	3.0	3.0	14.0	14.0
1656431334	3.0	3.0	14.0	14.0
1656431335	3.0	3.0	14.0	14.0
1656431336	3.0	3.0	14.0	14.0
1656431337	3.0	3.0	14.0	14.0
1656431338	3.0	3.0	14.0	14.0
1656431339	3.0	3.0	14.0	14.0
1656431340	3.0	3.0	14.0	14.0
1656431341	3.0	3.0	14.0	14.0
1656431342	3.0	3.0	14.0	14.0
1656431344	3.0	3.0	14.0	14.0
1656431345	3.0	3.0	14.0	14.0
1656431346	3.0	3.0	14.0	14.0
1656431347	3.0	3.0	14.0	14.0
1656431348	3.0	3.0	14.0	14.0
1656431349	3.0	3.0	14.0	14.0
1656431350	3.0	3.0	14.0	14.0
1656431351	3.0	3.0	14.0	14.0
1656431353	3.0	3.0	14.0	14.0
1656431354	3.0	3.0	14.0	14.0
1656431355	3.0	3.0	14.0	14.0
1656431357	3.0	3.0	14.0	14.0
1656431358	3.0	3.0	14.0	14.0
1656431359	3.0	3.0	14.0	14.0
1656431360	3.0	3.0	14.0	14.0
1656431361	3.0	3.0	14.0	14.0
1656431362	3.0	3.0	14.0	14.0
1656431363	3.0	3.0	14.0	14.0
1656431364	3.0	3.0	14.0	14.0
1656431366	3.0	3.0	14.0	14.0
1656431367	3.0	3.0	14.0	14.0
1656431368	3.0	3.0	14.0	14.0
1656431369	3.0	3.0	14.0	14.0
1656431370	3.0	3.0	14.0	14.0
1656431371	3.0	3.0	14.0	14.0
1656431372	3.0	3.0	14.0	14.0
1656431374	3.0	3.0	14.0	14.0
1656431375	3.0	3.0	14.0	14.0
1656431376	3.0	3.0	14.0	14.0
1656431378	3.0	3.0	14.0	14.0
1656431379	3.0	3.0	14.0	14.0
1656431380	3.0	3.0	14.0	14.0
1656431382	3.0	3.0	14.0	14.0
1656431383	3.0	3.0	14.0	14.0
1656431384	3.0	3.0	14.0	14.0
1656431386	3.0	3.0	14.0	14.0
1656431387	3.0	3.0	14.0	14.0
1656431388	3.0	3.0	14.0	14.0
1656431390	3.0	3.0	14.0	14.0
1656431391	3.0	3.0	14.0	14.0
