seconds,current,desired
1656498571,1,1
1656498572,1,1
1656498574,1,1
1656498576,1,1
1656498578,1,1
1656498580,1,1
1656498582,1,1
1656498583,1,1
1656498585,1,1
1656498591,1,1
1656498592,1,1
1656498594,1,1
1656498596,1,1
1656498597,1,1
1656498599,1,1
1656498607,1,1
1656498608,1,1
1656498610,1,1
1656498611,1,1
1656498613,1,1
1656498616,1,1
1656498618,1,1
1656498620,1,1
1656498621,1,1
1656498623,1,1
1656498624,1,1
1656498626,1,1
1656498627,1,1
1656498629,1,1
1656498630,1,1
1656498632,1,2
1656498633,1,2
1656498636,1,2
1656498638,1,2
1656498639,1,2
1656498640,1,2
1656498642,1,2
1656498643,1,2
1656498647,2,2
1656498648,2,2
1656498650,2,2
1656498651,2,2
1656498653,2,2
1656498654,2,2
1656498655,2,2
1656498657,2,2
1656498658,2,2
1656498660,2,2
1656498661,2,2
1656498663,2,2
1656498664,2,2
1656498666,2,2
1656498667,2,2
1656498669,2,2
1656498670,2,2
1656498672,2,2
1656498673,2,2
1656498674,2,2
1656498676,2,2
1656498677,2,2
1656498679,2,2
1656498680,2,2
1656498682,2,2
1656498683,2,2
1656498684,2,2
1656498686,2,2
1656498687,2,2
1656498689,2,2
1656498691,2,2
1656498692,2,3
1656498693,2,3
1656498695,2,3
1656498696,2,3
1656498698,2,3
1656498700,2,3
1656498702,2,3
1656498704,2,3
1656498707,3,3
1656498709,3,3
1656498710,3,3
1656498712,
1656498724,3,3
1656498726,3,3
1656498727,3,3
1656498729,3,3
1656498730,3,3
1656498732,3,3
1656498733,3,3
1656498735,3,3
1656498736,3,3
1656498737,3,3
1656498739,3,3
1656498740,3,3
1656498742,3,3
1656498743,3,3
1656498745,3,3
1656498746,3,3
1656498749,3,3
1656498753,3,3
1656498755,3,3
1656498756,3,3
1656498758,3,3
1656498759,3,3
1656498760,3,3
1656498762,3,3
1656498763,3,3
1656498765,3,3
1656498766,3,3
1656498768,3,3
1656498769,3,3
1656498771,3,3
1656498772,3,3
1656498774,3,3
1656498775,3,3
1656498777,3,3
1656498778,3,3
1656498780,3,3
1656498781,3,4
1656498783,3,4
1656498784,3,4
1656498786,3,4
1656498791,3,4
1656498792,3,4
1656498796,4,4
1656498799,4,4
1656498800,4,4
1656498802,4,4
1656498804,4,4
1656498805,4,4
1656498807,4,4
1656498809,4,4
1656498810,4,4
1656498811,4,4
1656498813,4,4
1656498814,4,4
1656498816,4,4
1656498817,4,4
1656498818,4,4
1656498820,4,4
1656498821,4,4
1656498823,4,4
1656498824,4,4
1656498826,4,4
1656498827,4,4
1656498829,4,4
1656498830,4,4
1656498831,4,4
1656498833,4,4
1656498834,4,4
1656498836,4,4
1656498837,4,4
1656498839,4,4
1656498840,4,4
1656498841,4,4
1656498843,4,4
1656498844,4,4
1656498846,4,4
1656498847,4,4
1656498849,4,4
1656498850,4,4
1656498851,4,4
1656498853,4,4
1656498855,4,4
1656498857,4,4
1656498858,4,4
1656498860,4,4
1656498861,4,4
1656498862,4,4
1656498864,4,4
1656498865,4,4
1656498867,4,4
1656498868,4,4
1656498869,4,4
1656498871,4,4
1656498872,4,4
1656498873,4,4
1656498875,4,4
1656498876,4,4
1656498879,4,4
1656498880,4,4
1656498882,4,4
1656498883,4,4
1656498884,4,4
1656498886,4,4
1656498887,4,4
1656498889,4,4
1656498890,4,4
1656498892,4,4
1656498893,4,4
1656498895,4,4
1656498896,4,4
1656498898,4,4
1656498900,4,4
1656498901,4,4
1656498903,4,4
1656498904,4,4
1656498906,4,4
1656498907,4,4
1656498909,4,4
1656498910,4,4
1656498912,4,4
1656498913,4,4
1656498914,4,4
1656498916,4,4
1656498917,4,4
1656498919,4,4
1656498920,4,4
1656498921,4,4
1656498923,4,4
1656498925,4,4
1656498926,4,4
1656498927,4,4
1656498929,4,4
1656498930,4,4
1656498932,4,4
1656498933,4,4
1656498935,4,4
1656498936,4,4
1656498937,4,4
1656498939,4,4
1656498940,4,4
1656498942,4,4
1656498943,4,4
1656498945,4,4
1656498946,4,4
1656498947,4,4
1656498949,4,4
1656498951,4,4
1656498953,4,4
1656498954,4,4
1656498956,4,4
1656498958,4,4
1656498960,4,4
1656498961,4,4
1656498963,4,4
1656498964,4,4
1656498966,4,4
1656498967,
1656498979,4,4
1656498981,4,4
1656498983,4,4
1656498984,4,4
1656498986,4,4
