seconds,current,desired
1656498570,1,1
1656498571,1,1
1656498573,1,1
1656498575,1,1
1656498576,1,1
1656498578,1,1
1656498580,1,1
1656498582,1,1
1656498583,1,1
1656498585,1,1
1656498588,1,1
1656498590,1,1
1656498591,1,1
1656498593,1,1
1656498594,1,1
1656498596,1,1
1656498598,1,1
1656498600,1,1
1656498607,1,1
1656498608,1,1
1656498610,1,1
1656498611,1,1
1656498612,1,1
1656498616,1,1
1656498618,1,1
1656498620,1,1
1656498621,1,1
1656498623,1,1
1656498624,1,1
1656498626,1,1
1656498627,1,1
1656498628,1,1
1656498630,1,1
1656498631,1,1
1656498633,1,1
1656498636,1,3
1656498638,1,3
1656498639,1,3
1656498641,1,3
1656498643,1,3
1656498646,1,3
1656498647,1,3
1656498649,1,3
1656498650,1,3
1656498651,3,3
1656498653,3,3
1656498654,3,3
1656498656,3,3
1656498657,3,3
1656498659,3,3
1656498660,3,3
1656498662,3,3
1656498663,3,3
1656498665,3,3
1656498666,3,3
1656498668,3,3
1656498669,3,3
1656498671,3,3
1656498672,3,3
1656498674,3,3
1656498675,3,3
1656498677,3,3
1656498678,3,3
1656498679,3,3
1656498681,3,3
1656498682,3,3
1656498684,3,3
1656498686,3,3
1656498687,3,3
1656498689,3,3
1656498690,3,3
1656498692,3,3
1656498693,3,3
1656498695,3,3
1656498696,3,3
1656498698,3,3
1656498700,3,3
1656498702,3,3
1656498704,3,3
1656498708,3,3
1656498710,3,3
1656498712,3,3
1656498715,3,3
1656498716,3,3
1656498718,3,3
1656498719,3,3
1656498721,3,3
1656498722,3,3
1656498723,3,3
1656498725,3,3
1656498726,3,5
1656498727,3,5
1656498729,3,5
1656498730,3,5
1656498732,3,5
1656498733,3,5
1656498735,3,5
1656498736,3,5
1656498738,3,5
1656498739,3,5
1656498741,5,5
1656498742,5,5
1656498743,5,5
1656498746,5,5
1656498748,5,5
1656498752,5,5
1656498754,5,5
1656498756,5,5
1656498757,5,5
1656498758,5,5
1656498760,5,5
1656498761,5,5
1656498765,5,5
1656498766,5,5
1656498768,5,5
1656498771,5,5
1656498772,5,5
1656498773,5,5
1656498775,5,5
1656498776,5,5
1656498778,5,5
1656498779,5,5
1656498781,5,5
1656498782,5,5
1656498784,5,5
1656498786,5,5
1656498790,5,5
1656498792,5,5
1656498793,5,5
1656498799,5,5
1656498800,5,5
1656498802,5,5
1656498803,5,5
1656498805,5,5
1656498807,5,5
1656498808,5,5
1656498810,5,5
1656498811,5,5
1656498812,5,5
1656498814,5,5
1656498815,5,5
1656498816,5,5
1656498818,5,5
1656498819,5,5
1656498821,5,5
1656498822,5,5
1656498823,5,5
1656498825,5,5
1656498827,5,5
1656498828,5,5
1656498830,5,5
1656498831,5,5
1656498833,5,5
1656498834,5,5
1656498836,5,5
1656498837,5,5
1656498839,5,5
1656498840,5,5
1656498841,5,5
1656498843,5,5
1656498844,5,5
1656498846,5,5
1656498847,5,5
1656498848,5,5
1656498850,5,5
1656498851,5,5
1656498854,5,5
1656498856,5,5
1656498857,5,5
1656498859,5,5
1656498860,5,5
1656498861,5,5
1656498863,5,5
1656498864,5,5
1656498866,5,5
1656498867,5,5
1656498868,5,5
1656498870,5,5
1656498871,5,5
1656498872,5,5
1656498874,5,5
1656498875,5,5
1656498877,5,5
1656498879,5,5
1656498880,5,5
1656498882,5,5
1656498883,5,5
1656498885,5,5
1656498886,5,5
1656498887,5,5
1656498889,5,5
1656498890,5,5
1656498892,5,5
1656498893,5,5
1656498895,5,5
1656498896,5,5
1656498898,5,5
1656498900,5,5
1656498901,5,5
1656498902,5,5
1656498904,5,5
1656498905,5,5
1656498907,5,5
1656498908,5,5
1656498910,5,5
1656498911,5,5
1656498913,5,5
1656498914,5,5
1656498915,5,5
1656498917,5,5
1656498918,5,5
1656498920,5,5
1656498921,5,5
1656498922,5,5
1656498924,5,5
1656498925,5,5
1656498927,5,5
1656498928,5,5
1656498930,5,5
1656498931,5,5
1656498933,5,5
1656498934,5,5
1656498935,5,5
1656498937,5,5
1656498938,5,5
1656498940,5,5
1656498941,5,5
1656498942,5,5
1656498944,5,5
1656498945,5,5
1656498947,5,5
1656498948,5,5
1656498949,5,5
1656498951,5,5
1656498952,5,5
1656498954,5,5
1656498955,5,5
1656498958,5,5
1656498959,5,5
1656498961,5,5
1656498962,5,5
1656498964,5,5
1656498965,5,5
1656498967,5,5
1656498970,5,5
1656498971,5,5
1656498973,5,5
1656498975,5,5
1656498976,5,5
1656498978,5,5
1656498979,5,5
1656498981,5,5
1656498982,5,5
1656498984,5,5
1656498986,5,5
