seconds,current,desired
1656432466,1,1
1656432467,1,1
1656432468,1,1
1656432470,1,1
1656432471,1,1
1656432472,1,1
1656432474,1,1
1656432475,1,1
1656432476,1,1
1656432478,1,1
1656432479,1,1
1656432480,1,1
1656432481,1,1
1656432483,1,1
1656432484,1,1
1656432485,1,1
1656432487,1,1
1656432488,1,1
1656432489,1,1
1656432490,1,1
1656432492,1,1
1656432493,1,1
1656432494,1,1
1656432496,1,1
1656432497,1,1
1656432498,1,1
1656432499,1,1
1656432501,1,1
1656432502,1,1
1656432503,1,1
1656432505,1,1
1656432506,1,1
1656432507,1,1
1656432509,1,1
1656432510,1,1
1656432511,1,1
1656432513,1,1
1656432514,1,1
1656432515,1,1
1656432516,1,1
1656432518,1,1
1656432519,1,1
1656432520,1,1
1656432521,1,1
1656432523,1,1
1656432524,1,1
1656432525,1,1
1656432527,1,1
1656432528,1,1
1656432529,1,1
1656432530,1,1
1656432535,1,1
1656432536,1,1
1656432537,1,1
1656432539,1,1
1656432540,1,1
1656432542,1,1
1656432543,1,1
1656432544,1,1
1656432545,1,1
1656432547,1,1
1656432548,1,1
1656432549,1,1
1656432551,1,1
1656432552,1,1
1656432553,1,1
1656432555,1,1
1656432556,1,1
1656432557,1,1
1656432558,1,1
1656432560,1,1
1656432561,1,1
1656432562,1,1
1656432563,1,1
1656432565,1,1
1656432566,1,1
1656432567,1,1
1656432568,1,1
1656432570,1,1
1656432571,1,1
1656432572,1,1
1656432574,1,1
1656432575,1,1
1656432576,1,1
1656432577,1,1
1656432579,1,1
1656432580,1,1
1656432581,1,1
1656432582,1,1
1656432584,1,1
1656432585,1,1
1656432586,1,1
1656432588,1,1
1656432589,1,1
1656432590,1,1
1656432592,1,1
1656432593,1,1
1656432594,1,1
1656432595,1,1
1656432597,1,1
1656432598,1,1
1656432599,1,1
1656432601,1,1
1656432602,1,1
1656432603,1,1
1656432604,1,1
1656432606,1,1
1656432607,1,1
1656432608,1,1
1656432610,1,1
1656432611,1,1
1656432613,1,1
1656432614,1,1
1656432615,1,1
1656432617,1,1
1656432618,1,1
1656432619,1,1
1656432621,1,1
1656432622,1,1
1656432623,1,1
1656432624,1,1
1656432626,1,1
1656432627,1,1
1656432628,1,1
1656432630,1,1
1656432631,1,1
1656432632,1,1
1656432633,1,1
1656432635,1,1
1656432636,1,1
1656432637,1,1
1656432639,1,1
1656432640,1,1
1656432641,1,1
1656432643,1,1
1656432644,1,1
1656432645,1,1
1656432646,1,1
1656432648,1,1
1656432649,1,1
1656432650,1,1
1656432652,1,1
1656432653,1,1
1656432654,1,1
1656432655,1,1
1656432657,1,1
1656432658,1,1
1656432659,1,1
1656432661,1,1
1656432662,1,1
1656432663,1,1
1656432664,1,1
1656432666,1,1
1656432667,1,1
1656432668,1,1
1656432670,1,1
1656432671,1,1
1656432673,1,1
1656432674,1,1
1656432675,1,1
1656432676,1,1
1656432678,1,1
1656432679,1,1
1656432680,1,1
1656432682,1,1
1656432683,1,1
1656432684,1,1
1656432686,1,1
1656432687,1,1
1656432688,1,1
1656432690,1,1
1656432692,1,1
1656432693,1,1
1656432694,1,1
1656432696,1,1
1656432697,1,1
1656432698,1,1
1656432699,1,1
1656432701,1,1
1656432702,1,1
1656432703,1,1
1656432705,1,1
1656432706,1,1
1656432707,1,1
1656432709,1,1
1656432710,1,1
1656432711,1,1
1656432713,1,1
1656432714,1,1
1656432715,1,1
1656432717,1,1
1656432718,1,1
1656432719,1,1
1656432721,1,1
1656432722,1,1
1656432723,1,1
1656432724,1,1
1656432726,1,1
1656432727,1,1
1656432728,1,1
1656432730,1,1
1656432731,1,1
1656432732,1,1
1656432733,1,1
1656432735,1,1
1656432736,1,1
1656432737,1,1
1656432738,1,1
1656432740,1,1
1656432741,1,1
1656432742,1,1
1656432744,1,1
1656432745,1,1
1656432746,1,1
1656432747,1,1
1656432749,1,1
1656432750,1,1
1656432751,1,1
1656432753,1,1
1656432754,1,1
1656432755,1,1
1656432756,1,1
1656432758,1,1
1656432759,1,1
1656432760,1,1
1656432761,1,1
1656432763,1,1
1656432764,1,1
1656432765,1,1
1656432767,1,1
1656432768,1,1
1656432769,1,1
1656432771,1,1
1656432772,1,1
1656432773,1,1
1656432775,1,1
1656432776,1,1
1656432778,1,1
1656432779,1,1
1656432780,1,1
1656432782,1,1
1656432783,1,1
1656432784,1,1
1656432786,1,1
1656432787,1,1
1656432788,1,1
1656432790,1,1
1656432791,1,1
1656432792,1,1
1656432794,1,1
1656432795,1,1
1656432797,1,1
1656432798,1,1
1656432799,1,1
