seconds,current,desired
1656433581,1,1
1656433583,1,1
1656433584,1,1
1656433585,1,1
1656433587,1,1
1656433588,1,1
1656433589,1,1
1656433590,1,1
1656433592,1,1
1656433593,1,1
1656433594,1,1
1656433596,1,1
1656433597,1,1
1656433598,1,1
1656433599,1,1
1656433601,1,1
1656433602,1,1
1656433603,1,1
1656433605,1,1
1656433606,1,1
1656433607,1,1
1656433608,1,1
1656433610,1,1
1656433611,1,1
1656433612,1,1
1656433614,1,1
1656433615,1,1
1656433616,1,1
1656433617,1,1
1656433619,1,1
1656433620,1,1
1656433621,1,1
1656433623,1,1
1656433624,1,1
1656433625,1,1
1656433627,1,1
1656433628,1,1
1656433629,1,1
1656433631,1,1
1656433632,1,1
1656433633,1,1
1656433634,1,1
1656433636,1,1
1656433637,1,1
1656433638,1,1
1656433640,1,1
1656433641,1,1
1656433642,1,1
1656433643,1,1
1656433645,1,1
1656433646,1,1
1656433647,1,1
1656433649,1,1
1656433650,1,1
1656433651,1,1
1656433652,1,1
1656433654,1,1
1656433655,1,1
1656433656,1,1
1656433658,1,1
1656433659,1,1
1656433660,1,1
1656433662,1,1
1656433663,1,1
1656433664,1,1
1656433666,1,1
1656433667,1,1
1656433668,1,1
1656433670,1,1
1656433671,1,1
1656433672,1,1
1656433673,1,1
1656433675,1,1
1656433676,1,1
1656433677,1,1
1656433679,1,1
1656433680,1,1
1656433681,1,1
1656433683,1,1
1656433684,1,1
1656433685,1,1
1656433686,1,1
1656433688,1,1
1656433689,1,1
1656433690,1,1
1656433692,1,1
1656433693,1,1
1656433695,1,1
1656433696,1,1
1656433697,1,1
1656433699,1,1
1656433700,1,1
1656433701,1,1
1656433702,1,1
1656433704,1,1
1656433705,1,1
1656433706,1,1
1656433708,1,1
1656433709,1,1
1656433710,1,1
1656433712,1,1
1656433713,1,1
1656433714,1,1
1656433715,1,1
1656433717,1,1
1656433718,1,1
1656433719,1,1
1656433720,1,1
1656433722,1,1
1656433724,1,1
1656433725,1,1
1656433726,1,1
1656433728,1,1
1656433729,1,1
1656433730,1,1
1656433731,1,1
1656433733,1,1
1656433734,1,1
1656433735,1,1
1656433737,1,1
1656433738,1,1
1656433739,1,1
1656433741,1,1
1656433742,1,1
1656433743,1,1
1656433744,1,1
1656433746,1,1
1656433747,1,1
1656433748,1,1
1656433750,1,1
1656433751,1,1
1656433753,1,1
1656433754,1,1
1656433755,1,1
1656433757,1,1
1656433758,1,1
1656433760,1,1
1656433762,1,1
1656433763,1,1
1656433765,1,1
1656433766,1,1
1656433767,1,1
1656433768,1,1
1656433770,1,1
1656433771,1,1
1656433772,1,1
1656433774,1,1
1656433775,1,1
1656433776,1,1
1656433778,1,1
1656433779,1,1
1656433781,1,1
1656433782,1,1
1656433783,1,1
1656433784,1,1
1656433786,1,1
1656433787,1,1
1656433788,1,1
1656433789,1,1
1656433791,1,1
1656433792,1,1
1656433793,1,1
1656433794,1,1
1656433796,1,1
1656433797,1,1
1656433798,1,1
1656433800,1,1
1656433801,1,1
1656433802,1,1
1656433803,1,1
1656433805,1,1
1656433806,1,1
1656433807,1,1
1656433809,1,1
1656433810,1,1
1656433811,1,1
1656433812,1,1
1656433814,1,1
1656433815,1,1
1656433816,1,1
1656433817,1,1
1656433819,1,1
1656433820,1,1
1656433821,1,1
1656433822,1,1
1656433824,1,1
1656433825,1,1
1656433826,1,1
1656433828,1,1
1656433829,1,1
1656433830,1,1
1656433832,1,1
1656433833,1,1
1656433834,1,1
1656433835,1,1
1656433837,1,1
1656433838,1,1
1656433839,1,1
1656433840,1,1
1656433842,1,1
1656433843,1,1
1656433844,1,1
1656433846,1,1
1656433847,1,1
1656433848,1,1
1656433850,1,1
1656433851,1,1
1656433852,1,1
1656433853,1,1
1656433855,1,1
1656433856,1,1
1656433857,1,1
1656433859,1,1
1656433860,1,1
1656433861,1,1
1656433862,1,1
1656433864,1,1
1656433865,1,1
1656433866,1,1
1656433868,1,1
1656433869,1,1
1656433870,1,1
1656433871,1,1
1656433873,1,1
1656433874,1,1
1656433875,1,1
1656433876,1,1
1656433878,1,1
1656433879,1,1
1656433880,1,1
1656433882,1,1
1656433883,1,1
1656433884,1,1
1656433886,1,1
1656433887,1,1
1656433888,1,1
1656433889,1,1
1656433891,1,1
1656433893,1,1
1656433894,1,1
1656433895,1,1
1656433897,1,1
1656433898,1,1
1656433899,1,1
1656433901,1,1
1656433902,1,1
1656433903,1,1
1656433905,1,1
1656433906,1,1
1656433907,1,1
1656433909,1,1
1656433910,1,1
1656433911,1,1
1656433912,1,1
1656433914,1,1
1656433916,1,1
1656433917,1,1
1656433918,1,1
1656433920,1,1
1656433921,1,1
1656433923,1,1
1656433924,1,1
1656433925,1,1
1656433926,1,1
1656433928,1,1
1656433929,1,1
1656433930,1,1
1656433932,1,1
1656433933,1,1
1656433934,1,1
1656433935,1,1
1656433937,1,1
1656433938,1,1
1656433939,1,1
1656433940,1,1
1656433942,1,1
1656433943,1,1
1656433944,1,1
1656433945,1,1
1656433947,1,1
1656433948,1,1
1656433949,1,1
1656433951,1,1
1656433952,1,1
1656433953,1,1
1656433955,1,1
1656433956,1,1
1656433957,1,1
1656433958,1,1
1656433960,1,1
1656433961,1,1
1656433962,1,1
1656433964,1,1
1656433965,1,1
1656433966,1,1
1656433968,1,1
1656433969,1,1
1656433970,1,1
1656433972,1,1
1656433973,1,1
1656433974,1,1
