seconds,current,desired
1656436788,1,1
1656436790,1,1
1656436792,1,1
1656436793,1,1
1656436794,1,1
1656436796,1,1
1656436797,1,1
1656436798,1,1
1656436799,1,1
1656436801,1,1
1656436802,1,1
1656436803,1,1
1656436805,1,1
1656436806,1,1
1656436807,1,1
1656436808,1,1
1656436810,1,1
1656436811,1,1
1656436812,1,1
1656436813,1,1
1656436815,1,1
1656436816,1,1
1656436817,1,1
1656436819,1,1
1656436820,1,1
1656436821,1,1
1656436822,1,1
1656436824,1,1
1656436825,1,1
1656436826,1,1
1656436828,1,1
1656436829,1,1
1656436830,1,1
1656436831,1,1
1656436833,1,1
1656436834,1,1
1656436835,1,1
1656436836,1,1
1656436838,1,1
1656436839,1,1
1656436840,1,1
1656436842,1,1
1656436843,1,1
1656436844,1,1
1656436845,1,3
1656436847,1,3
1656436848,1,3
1656436849,1,3
1656436851,1,3
1656436852,1,3
1656436853,1,3
1656436854,1,3
1656436856,1,3
1656436857,1,3
1656436858,1,3
1656436860,1,3
1656436861,3,3
1656436862,3,3
1656436863,3,3
1656436865,3,3
1656436866,3,3
1656436868,3,3
1656436869,3,3
1656436870,3,3
1656436872,3,3
1656436873,3,3
1656436874,3,3
1656436876,3,3
1656436877,3,3
1656436878,3,3
1656436880,3,3
1656436881,3,3
1656436882,3,3
1656436883,3,3
1656436885,3,3
1656436886,3,3
1656436887,3,3
1656436888,3,3
1656436890,3,3
1656436891,3,3
1656436893,3,3
1656436894,3,3
1656436895,3,3
1656436897,3,3
1656436898,3,3
1656436899,3,3
1656436900,3,3
1656436902,3,3
1656436903,3,3
1656436904,3,3
1656436906,3,3
1656436907,3,3
1656436908,3,3
1656436909,3,3
1656436911,3,3
1656436912,3,3
1656436913,3,3
1656436915,3,3
1656436916,3,3
1656436917,3,3
1656436919,3,3
1656436920,3,3
1656436921,3,3
1656436922,3,3
1656436924,3,3
1656436925,3,3
1656436926,3,3
1656436927,3,3
1656436929,3,3
1656436930,3,3
1656436931,3,3
1656436932,3,3
1656436934,3,3
1656436935,3,4
1656436937,3,4
1656436938,3,4
1656436939,3,4
1656436941,3,4
1656436942,3,4
1656436943,3,4
1656436945,3,4
1656436946,3,4
1656436947,3,4
1656436949,3,4
1656436950,4,4
1656436951,4,4
1656436953,4,4
1656436954,4,4
1656436955,4,4
1656436956,4,4
1656436958,4,4
1656436959,4,4
1656436960,4,4
1656436962,4,4
1656436963,4,4
1656436964,4,4
1656436965,4,4
1656436967,4,4
1656436968,4,4
1656436969,4,4
1656436971,4,4
1656436972,4,4
1656436974,4,4
1656436975,4,4
1656436976,4,4
1656436978,4,4
1656436979,4,4
1656436980,4,4
1656436981,4,4
1656436983,4,4
1656436984,4,4
1656436985,4,4
1656436987,4,4
1656436988,4,4
1656436989,4,4
1656436991,4,4
1656436992,4,4
1656436993,4,4
1656436994,4,4
1656436996,4,4
1656436997,4,4
1656436998,4,4
1656437000,4,4
1656437001,4,4
1656437002,4,4
1656437003,4,4
1656437005,4,4
1656437006,4,4
1656437007,4,4
1656437009,4,4
1656437010,4,4
1656437012,4,4
1656437013,4,4
1656437014,4,4
1656437015,4,4
1656437017,4,4
1656437018,4,4
1656437019,4,4
1656437021,4,4
1656437022,4,4
1656437024,4,4
1656437025,4,4
1656437026,4,4
1656437028,4,4
1656437029,4,4
1656437030,4,4
1656437032,4,4
1656437033,4,4
1656437034,4,4
1656437035,4,4
1656437037,4,4
1656437038,4,4
1656437039,4,4
1656437041,4,4
1656437042,4,4
1656437043,4,4
1656437044,4,4
1656437046,4,4
1656437047,4,4
1656437048,4,4
1656437050,4,4
1656437051,4,4
1656437052,4,4
1656437053,4,4
1656437055,4,4
1656437056,4,4
1656437057,4,4
1656437059,4,4
1656437060,4,4
1656437062,4,4
1656437063,4,4
1656437064,4,4
1656437066,4,4
1656437067,4,4
1656437068,4,4
1656437070,4,4
1656437071,4,4
1656437072,4,4
1656437074,4,4
1656437075,4,4
1656437076,4,4
1656437078,4,4
1656437079,4,4
1656437080,4,4
1656437082,4,4
1656437083,4,4
1656437084,4,4
1656437086,4,4
1656437087,4,4
1656437088,4,4
1656437090,4,4
1656437091,4,4
1656437092,4,4
1656437094,4,4
1656437095,4,4
1656437096,4,4
1656437098,4,4
1656437099,4,4
1656437100,4,4
1656437102,4,4
1656437103,4,4
1656437104,4,4
1656437106,4,4
1656437107,4,4
1656437109,4,4
1656437110,4,4
1656437112,4,4
1656437113,4,4
1656437115,4,4
1656437116,4,4
1656437117,4,4
1656437119,4,4
1656437120,4,4
1656437121,4,4
1656437123,4,4
1656437124,4,4
