seconds,current,desired
1656436789,1,1
1656436791,1,1
1656436792,1,1
1656436793,1,1
1656436795,1,1
1656436796,1,1
1656436797,1,1
1656436798,1,1
1656436800,1,1
1656436801,1,1
1656436803,1,1
1656436804,1,1
1656436805,1,1
1656436807,1,1
1656436808,1,1
1656436809,1,1
1656436810,1,1
1656436812,1,1
1656436813,1,1
1656436814,1,1
1656436815,1,1
1656436817,1,1
1656436818,1,1
1656436819,1,1
1656436821,1,1
1656436822,1,1
1656436823,1,1
1656436824,1,1
1656436826,1,1
1656436827,1,1
1656436828,1,1
1656436829,1,1
1656436831,1,1
1656436832,1,1
1656436833,1,1
1656436835,1,1
1656436836,1,1
1656436837,1,1
1656436839,1,1
1656436840,1,1
1656436841,1,1
1656436842,1,1
1656436844,1,1
1656436845,1,1
1656436846,1,1
1656436848,1,1
1656436849,1,1
1656436850,1,1
1656436852,1,1
1656436853,1,1
1656436854,1,1
1656436855,1,2
1656436857,1,2
1656436858,1,2
1656436859,1,2
1656436860,1,2
1656436862,1,2
1656436863,1,2
1656436864,1,2
1656436866,1,2
1656436868,1,2
1656436869,1,2
1656436870,2,2
1656436872,2,2
1656436873,2,2
1656436874,2,2
1656436876,2,2
1656436877,2,2
1656436878,2,2
1656436880,2,2
1656436881,2,2
1656436882,2,2
1656436883,2,2
1656436885,2,2
1656436886,2,2
1656436887,2,2
1656436888,2,2
1656436890,2,2
1656436891,2,2
1656436892,2,2
1656436894,2,2
1656436895,2,2
1656436896,2,2
1656436898,2,2
1656436899,2,2
1656436900,2,2
1656436902,2,2
1656436903,2,2
1656436904,2,2
1656436905,2,2
1656436907,2,2
1656436908,2,2
1656436909,2,2
1656436910,2,2
1656436912,2,2
1656436913,2,2
1656436914,2,2
1656436916,2,2
1656436917,2,2
1656436918,2,2
1656436919,2,2
1656436921,2,2
1656436922,2,2
1656436923,2,2
1656436925,2,2
1656436926,2,2
1656436927,2,2
1656436928,2,2
1656436930,2,2
1656436931,2,2
1656436932,2,2
1656436934,2,2
1656436935,2,2
1656436936,2,2
1656436938,2,2
1656436939,2,2
1656436940,2,2
1656436942,2,2
1656436943,2,2
1656436944,2,2
1656436946,2,2
1656436947,2,2
1656436948,2,2
1656436949,2,2
1656436951,2,2
1656436952,2,2
1656436953,2,2
1656436955,2,2
1656436956,2,2
1656436957,2,2
1656436958,2,2
1656436960,2,2
1656436961,2,2
1656436962,2,2
1656436964,2,2
1656436965,2,2
1656436966,2,2
1656436968,2,2
1656436969,2,2
1656436970,2,2
1656436972,2,2
1656436973,2,2
1656436975,2,2
1656436976,2,3
1656436977,2,3
1656436979,2,3
1656436980,2,3
1656436981,2,3
1656436982,2,3
1656436984,2,3
1656436985,2,3
1656436986,2,3
1656436988,2,3
1656436989,2,3
1656436990,2,3
1656436992,3,3
1656436993,3,3
1656436994,3,3
1656436996,3,3
1656436997,3,3
1656436998,3,3
1656437000,3,3
1656437001,3,3
1656437002,3,3
1656437003,3,3
1656437005,3,3
1656437006,3,3
1656437007,3,3
1656437009,3,3
1656437010,3,3
1656437012,3,3
1656437013,3,3
1656437014,3,3
1656437016,3,3
1656437017,3,3
1656437018,3,3
1656437019,3,3
1656437021,3,3
1656437022,3,3
1656437024,3,3
1656437025,3,3
1656437026,3,3
1656437027,3,3
1656437029,3,3
1656437030,3,3
1656437031,3,3
1656437032,3,3
1656437034,3,3
1656437035,3,3
1656437036,3,3
1656437038,3,3
1656437039,3,3
1656437040,3,3
1656437041,3,3
1656437043,3,3
1656437044,3,3
1656437045,3,3
1656437047,3,3
1656437048,3,3
1656437049,3,3
1656437051,3,3
1656437052,3,3
1656437053,3,3
1656437054,3,3
1656437056,3,3
1656437057,3,3
1656437058,3,3
1656437060,3,3
1656437061,3,3
1656437063,3,3
1656437064,3,3
1656437065,3,3
1656437067,3,3
1656437068,3,3
1656437069,3,3
1656437071,3,3
1656437072,3,3
1656437073,3,3
1656437075,3,3
1656437076,3,3
1656437077,3,3
1656437079,3,3
1656437080,3,3
1656437081,3,3
1656437083,3,3
1656437084,3,3
1656437086,3,3
1656437087,3,3
1656437088,3,3
1656437089,3,3
1656437091,3,3
1656437092,3,3
1656437093,3,3
1656437095,3,3
1656437096,3,3
1656437097,3,3
1656437099,3,3
1656437100,3,3
1656437101,3,3
1656437103,3,3
1656437104,3,3
1656437106,3,3
1656437107,3,3
1656437109,3,3
1656437110,3,3
1656437112,3,3
1656437113,3,3
1656437115,3,3
1656437116,3,3
1656437117,3,3
1656437118,3,3
1656437120,3,3
1656437121,3,3
1656437123,3,3
1656437124,3,3
