seconds,current,desired
1656438139,1,1
1656438140,1,1
1656438141,1,1
1656438143,1,1
1656438144,1,1
1656438145,1,1
1656438147,1,1
1656438148,1,1
1656438149,1,1
1656438150,1,1
1656438152,1,1
1656438153,1,1
1656438154,1,1
1656438156,1,1
1656438157,1,1
1656438158,1,1
1656438160,1,1
1656438161,1,1
1656438162,1,1
1656438164,1,1
1656438165,1,1
1656438166,1,1
1656438168,1,2
1656438169,1,2
1656438170,1,2
1656438172,1,2
1656438173,1,2
1656438174,1,2
1656438176,1,2
1656438177,1,2
1656438178,1,2
1656438180,1,2
1656438181,1,2
1656438182,2,2
1656438184,2,2
1656438185,2,2
1656438186,2,2
1656438188,2,2
1656438189,2,2
1656438190,2,2
1656438191,2,2
1656438193,2,2
1656438194,2,2
1656438195,2,2
1656438197,2,2
1656438198,2,2
1656438199,2,2
1656438201,2,2
1656438202,2,2
1656438203,2,2
1656438204,2,2
1656438206,2,2
1656438207,2,2
1656438208,2,2
1656438210,2,2
1656438211,2,2
1656438212,2,2
1656438214,2,2
1656438215,2,2
1656438216,2,2
1656438217,2,2
1656438219,2,2
1656438220,2,2
1656438221,2,2
1656438223,2,2
1656438224,2,2
1656438225,2,2
1656438227,2,2
1656438228,2,3
1656438229,2,3
1656438231,2,3
1656438232,2,3
1656438234,2,3
1656438235,2,3
1656438236,2,3
1656438238,2,3
1656438239,2,3
1656438240,2,3
1656438242,2,3
1656438243,3,3
1656438245,3,3
1656438246,3,3
1656438247,3,3
1656438248,3,3
1656438250,3,3
1656438251,3,3
1656438253,3,3
1656438254,3,3
1656438255,3,3
1656438256,3,3
1656438258,3,5
1656438259,3,5
1656438261,3,5
1656438262,3,5
1656438263,3,5
1656438265,3,5
1656438266,3,5
1656438267,3,5
1656438269,3,5
1656438270,3,5
1656438271,3,5
1656438273,5,5
1656438274,5,5
1656438275,5,5
1656438277,5,5
1656438279,5,5
1656438280,5,5
1656438282,5,5
1656438283,5,5
1656438284,5,5
1656438286,5,5
1656438287,5,5
1656438288,5,5
1656438290,5,5
1656438291,5,5
1656438292,5,5
1656438294,5,5
1656438295,5,5
1656438296,5,5
1656438298,5,5
1656438299,5,5
1656438300,5,5
1656438302,5,5
1656438303,5,5
1656438305,5,5
1656438306,5,5
1656438307,5,5
1656438309,5,5
1656438310,5,5
1656438312,5,5
1656438313,5,5
1656438314,5,5
1656438316,5,5
1656438317,5,5
1656438319,5,5
1656438321,5,5
1656438322,5,5
1656438324,5,5
1656438325,5,5
1656438327,5,5
1656438330,5,5
1656438331,5,5
1656438332,5,5
1656438334,5,5
1656438335,5,5
1656438336,5,5
1656438338,5,5
1656438339,5,5
1656438340,5,5
1656438342,5,5
1656438343,5,5
1656438345,5,5
1656438346,5,5
1656438347,5,5
1656438349,5,7
1656438350,5,7
1656438351,5,7
1656438353,5,7
1656438354,5,7
1656438355,5,7
1656438357,5,7
1656438358,5,7
1656438359,5,7
1656438361,5,7
1656438362,5,7
1656438363,7,7
1656438365,7,7
1656438366,7,7
1656438368,7,7
1656438369,7,7
1656438370,7,7
1656438372,7,7
1656438373,7,7
1656438374,7,7
1656438376,7,7
1656438377,7,7
1656438379,7,7
1656438380,7,7
1656438381,7,7
1656438383,7,7
1656438384,7,7
1656438385,7,7
1656438387,7,7
1656438388,7,7
1656438389,7,7
1656438391,7,7
1656438392,7,7
1656438393,7,7
1656438395,7,7
1656438396,7,7
1656438397,7,7
1656438399,7,7
1656438400,7,7
1656438402,7,7
1656438403,7,7
1656438404,7,7
1656438406,7,7
1656438407,7,7
1656438408,7,7
1656438410,7,7
1656438411,7,7
1656438412,7,7
1656438414,7,7
1656438415,7,7
1656438416,7,7
1656438418,7,7
1656438419,7,7
1656438421,7,7
1656438422,7,7
1656438423,7,7
1656438425,7,7
1656438426,7,7
1656438427,7,7
1656438429,7,7
1656438430,7,7
1656438431,7,7
1656438433,7,7
1656438434,7,7
1656438435,7,7
1656438437,7,7
1656438438,7,7
1656438440,7,7
1656438441,7,7
1656438442,7,7
1656438443,7,7
1656438445,7,7
1656438446,7,7
1656438448,7,7
1656438449,7,7
