seconds,current,desired
1656438140,1,1
1656438142,1,1
1656438143,1,1
1656438145,1,1
1656438146,1,1
1656438147,1,1
1656438149,1,1
1656438150,1,1
1656438151,1,1
1656438152,1,1
1656438154,1,1
1656438155,1,1
1656438156,1,1
1656438158,1,1
1656438159,1,1
1656438160,1,1
1656438162,1,1
1656438163,1,1
1656438164,1,1
1656438166,1,1
1656438167,1,2
1656438168,1,2
1656438169,1,2
1656438171,1,2
1656438172,1,2
1656438173,1,2
1656438175,1,2
1656438176,1,2
1656438177,1,2
1656438179,1,2
1656438180,1,2
1656438181,2,2
1656438182,2,2
1656438184,2,2
1656438185,2,2
1656438186,2,2
1656438188,2,2
1656438189,2,2
1656438190,2,2
1656438192,2,2
1656438193,2,2
1656438194,2,2
1656438196,2,2
1656438197,2,2
1656438198,2,2
1656438200,2,2
1656438201,2,2
1656438202,2,2
1656438204,2,2
1656438205,2,2
1656438206,2,2
1656438208,2,2
1656438209,2,2
1656438210,2,2
1656438212,2,2
1656438213,2,2
1656438215,2,2
1656438216,2,2
1656438217,2,2
1656438218,2,2
1656438220,2,2
1656438221,2,2
1656438223,2,2
1656438224,2,2
1656438225,2,2
1656438227,2,2
1656438228,2,2
1656438229,2,2
1656438231,2,2
1656438232,2,2
1656438234,2,2
1656438235,2,2
1656438236,2,2
1656438238,2,2
1656438239,2,2
1656438240,2,2
1656438242,2,2
1656438243,2,2
1656438244,2,2
1656438246,2,2
1656438247,2,2
1656438248,2,2
1656438250,2,2
1656438251,2,2
1656438252,2,2
1656438254,2,2
1656438255,2,2
1656438256,2,4
1656438258,2,4
1656438259,2,4
1656438261,2,4
1656438262,2,4
1656438263,2,4
1656438265,2,4
1656438266,2,4
1656438267,2,4
1656438269,2,4
1656438270,2,4
1656438271,4,4
1656438273,4,4
1656438274,4,4
1656438275,4,4
1656438277,4,4
1656438279,4,4
1656438280,4,4
1656438282,4,4
1656438283,4,4
1656438284,4,4
1656438286,4,4
1656438287,4,4
1656438288,4,4
1656438290,4,4
1656438291,4,4
1656438292,4,4
1656438294,4,4
1656438295,4,4
1656438296,4,4
1656438298,4,4
1656438299,4,4
1656438300,4,4
1656438302,4,4
1656438303,4,4
1656438305,4,4
1656438306,4,4
1656438307,4,4
1656438309,4,4
1656438310,4,4
1656438312,4,4
1656438313,4,4
1656438314,4,4
1656438316,4,4
1656438317,4,4
1656438319,4,4
1656438321,4,4
1656438322,4,4
1656438324,4,4
1656438325,4,4
1656438327,4,4
1656438330,4,4
1656438331,4,4
1656438332,4,4
1656438334,4,4
1656438335,4,4
1656438336,4,4
1656438338,4,4
1656438339,4,4
1656438340,4,4
1656438342,4,4
1656438343,4,4
1656438345,4,4
1656438346,4,4
1656438347,4,6
1656438349,4,6
1656438350,4,6
1656438351,4,6
1656438353,4,6
1656438354,4,6
1656438355,4,6
1656438357,4,6
1656438358,4,6
1656438359,4,6
1656438361,4,6
1656438362,6,6
1656438364,6,6
1656438365,6,6
1656438366,6,6
1656438368,6,6
1656438369,6,6
1656438370,6,6
1656438372,6,6
1656438373,6,6
1656438375,6,6
1656438376,6,6
1656438377,6,6
1656438379,6,6
1656438380,6,6
1656438381,6,6
1656438383,6,6
1656438384,6,6
1656438385,6,6
1656438387,6,6
1656438388,6,6
1656438389,6,6
1656438391,6,6
1656438392,6,6
1656438393,6,6
1656438395,6,6
1656438396,6,6
1656438397,6,6
1656438399,6,6
1656438400,6,6
1656438402,6,6
1656438403,6,6
1656438404,6,6
1656438406,6,6
1656438407,6,6
1656438408,6,6
1656438410,6,6
1656438411,6,6
1656438412,6,6
1656438414,6,6
1656438415,6,6
1656438416,6,6
1656438418,6,6
1656438419,6,6
1656438421,6,6
1656438422,6,6
1656438423,6,6
1656438425,6,6
1656438426,6,6
1656438427,6,6
1656438429,6,6
1656438430,6,6
1656438431,6,6
1656438433,6,6
1656438434,6,6
1656438436,6,6
1656438437,6,6
1656438438,6,6
1656438440,6,6
1656438441,6,6
1656438442,6,6
1656438444,6,6
1656438445,6,6
1656438446,6,6
1656438448,6,6
1656438449,6,6
1656438450,6,6
