seconds,current,desired
1656496997,1,1
1656496999,1,1
1656497001,1,1
1656497003,1,1
1656497005,1,1
1656497008,1,1
1656497009,1,1
1656497011,1,1
1656497013,1,1
1656497014,1,1
1656497018,1,1
1656497019,1,1
1656497021,1,1
1656497023,1,1
1656497025,1,1
1656497028,1,1
1656497029,1,1
1656497031,1,1
1656497033,1,1
1656497034,1,1
1656497036,1,1
1656497038,1,1
1656497040,1,3
1656497041,1,3
1656497043,1,3
1656497045,1,3
1656497046,1,3
1656497048,1,3
1656497050,1,3
1656497052,1,3
1656497054,3,3
1656497056,3,3
1656497058,3,3
1656497060,3,3
1656497062,3,3
1656497064,3,3
1656497066,3,3
1656497067,3,3
1656497069,3,3
1656497071,3,3
1656497073,3,3
1656497075,3,3
1656497076,3,3
1656497078,3,3
1656497080,3,3
1656497082,3,3
1656497084,3,3
1656497085,3,3
1656497087,3,3
1656497089,3,3
1656497090,3,3
1656497092,3,3
1656497094,3,3
1656497096,3,3
1656497098,3,3
1656497099,3,3
1656497101,3,3
1656497103,3,3
1656497104,3,3
1656497107,3,3
1656497109,3,3
1656497110,3,3
1656497112,3,3
1656497116,3,3
1656497118,3,3
1656497120,3,3
1656497121,3,3
1656497123,3,3
1656497125,3,3
1656497127,3,3
1656497129,3,5
1656497131,3,5
1656497136,3,5
1656497138,3,5
1656497139,3,5
1656497141,3,5
1656497142,3,5
1656497144,5,5
1656497146,5,5
1656497148,5,5
1656497150,5,5
1656497151,5,5
1656497153,5,5
1656497154,5,5
1656497156,5,5
1656497157,5,5
1656497159,5,5
1656497160,5,5
1656497162,5,5
1656497163,5,5
1656497165,5,5
1656497166,5,5
1656497167,5,5
1656497169,5,5
1656497170,5,5
1656497172,5,5
1656497174,5,5
1656497175,5,5
1656497177,5,5
1656497178,5,5
1656497179,5,5
1656497182,5,5
1656497183,5,5
1656497184,5,5
1656497186,5,5
1656497187,5,5
1656497188,5,5
1656497190,5,5
1656497191,5,5
1656497194,5,5
1656497195,5,5
1656497196,5,5
1656497198,5,5
1656497199,5,5
1656497201,5,5
1656497202,5,5
1656497204,5,5
1656497205,5,5
1656497206,5,5
1656497208,5,5
1656497209,5,5
1656497210,5,5
1656497212,5,5
1656497213,5,5
1656497214,5,5
1656497216,5,5
1656497217,5,5
1656497219,5,5
1656497220,5,5
1656497221,5,5
1656497223,5,5
1656497225,5,5
1656497226,5,5
1656497227,5,5
1656497229,5,5
1656497231,5,5
1656497232,5,5
1656497234,5,5
1656497235,5,5
1656497236,5,5
1656497238,5,5
1656497239,5,5
1656497241,5,5
1656497242,5,5
1656497244,5,5
1656497245,5,5
1656497247,5,5
1656497248,5,5
1656497249,5,5
1656497251,5,5
1656497253,5,5
1656497254,5,5
1656497255,5,5
1656497257,5,5
1656497258,5,5
1656497260,5,5
1656497261,5,5
1656497263,5,5
1656497264,5,5
1656497266,5,5
1656497267,5,5
1656497269,5,5
1656497271,5,5
1656497272,5,5
1656497274,5,5
1656497275,5,5
1656497277,5,5
1656497278,5,5
1656497280,5,5
1656497281,5,5
1656497282,5,5
1656497284,5,5
1656497285,5,5
1656497287,5,5
1656497288,5,5
1656497290,5,5
1656497291,5,5
1656497293,5,5
1656497294,5,5
1656497295,5,5
1656497297,5,5
1656497299,5,5
1656497300,5,5
1656497301,5,5
1656497303,5,5
1656497304,5,5
1656497306,5,5
1656497307,5,5
1656497309,5,5
1656497311,5,5
1656497312,5,5
1656497314,5,5
1656497315,5,5
1656497317,5,5
1656497318,5,5
1656497319,5,5
1656497321,5,5
1656497322,5,5
1656497324,5,5
1656497325,5,5
1656497327,5,5
1656497328,5,5
