seconds,current,desired
1656496998,1,1
1656497001,1,1
1656497003,1,1
1656497005,1,1
1656497008,1,1
1656497010,1,1
1656497011,1,1
1656497013,1,1
1656497015,1,1
1656497017,1,1
1656497019,1,1
1656497020,1,1
1656497022,1,1
1656497024,1,1
1656497026,1,1
1656497028,1,1
1656497030,1,1
1656497031,1,1
1656497034,1,1
1656497035,1,1
1656497037,1,1
1656497039,1,1
1656497040,1,1
1656497042,1,1
1656497044,1,1
1656497046,1,1
1656497047,1,1
1656497049,1,1
1656497050,1,1
1656497052,1,1
1656497054,1,1
1656497056,1,1
1656497058,1,1
1656497060,1,1
1656497062,1,1
1656497064,1,1
1656497066,1,1
1656497067,1,2
1656497070,1,2
1656497071,1,2
1656497073,1,2
1656497075,1,2
1656497077,1,2
1656497078,1,2
1656497080,1,2
1656497082,2,2
1656497085,2,2
1656497087,2,2
1656497088,2,2
1656497090,2,2
1656497092,2,2
1656497094,2,2
1656497096,2,2
1656497098,2,3
1656497099,2,3
1656497101,2,3
1656497103,2,3
1656497104,2,3
1656497107,2,3
1656497108,2,3
1656497110,2,3
1656497112,2,3
1656497114,3,3
1656497115,3,3
1656497118,3,3
1656497120,3,3
1656497121,3,3
1656497123,3,3
1656497125,3,3
1656497127,3,3
1656497129,3,3
1656497131,3,3
1656497136,3,3
1656497138,3,3
1656497139,3,3
1656497141,3,3
1656497142,3,3
1656497144,3,3
1656497146,3,3
1656497148,3,3
1656497150,3,3
1656497151,3,3
1656497153,3,3
1656497155,3,3
1656497156,3,3
1656497157,3,3
1656497159,3,3
1656497160,3,3
1656497162,3,3
1656497164,3,3
1656497165,3,3
1656497166,3,3
1656497168,3,3
1656497169,3,3
1656497171,3,3
1656497172,3,3
1656497174,3,3
1656497175,3,3
1656497177,3,3
1656497178,3,3
1656497180,3,3
1656497181,3,3
1656497182,3,3
1656497184,3,3
1656497185,3,3
1656497186,3,3
1656497188,3,3
1656497189,3,3
1656497191,3,3
1656497194,3,3
1656497195,3,3
1656497197,3,3
1656497198,3,3
1656497199,3,3
1656497201,3,3
1656497202,3,3
1656497204,3,3
1656497205,3,3
1656497206,3,3
1656497208,3,3
1656497209,3,3
1656497211,3,3
1656497212,3,3
1656497213,3,3
1656497215,3,3
1656497216,3,3
1656497218,3,3
1656497219,3,3
1656497221,3,3
1656497222,3,3
1656497223,3,3
1656497225,3,3
1656497226,3,3
1656497227,3,3
1656497229,3,3
1656497230,3,3
1656497232,3,3
1656497233,3,3
1656497235,3,3
1656497236,3,3
1656497238,3,3
1656497239,3,3
1656497241,3,3
1656497243,3,3
1656497244,3,3
1656497245,3,3
1656497247,3,3
1656497248,3,3
1656497250,3,3
1656497251,3,3
1656497253,3,3
1656497254,3,3
1656497255,3,3
1656497257,3,3
1656497258,3,3
1656497260,3,3
1656497261,3,3
1656497263,3,3
1656497264,3,3
1656497266,3,3
1656497267,3,3
1656497269,3,3
1656497270,3,3
1656497272,3,3
1656497273,3,3
1656497275,3,3
1656497276,3,3
1656497278,3,3
1656497279,3,3
1656497281,3,3
1656497282,3,3
1656497283,3,3
1656497285,3,3
1656497287,3,3
1656497288,3,3
1656497290,3,3
1656497291,3,3
1656497293,3,3
1656497294,3,3
1656497296,3,3
1656497297,3,3
1656497299,3,3
1656497300,3,3
1656497301,3,3
1656497303,3,3
1656497304,3,3
1656497305,3,3
1656497307,3,3
1656497308,3,3
1656497310,3,3
1656497311,3,3
1656497313,3,3
1656497314,3,3
1656497315,3,3
1656497317,3,3
1656497318,3,3
1656497319,3,3
1656497321,3,3
1656497322,3,3
1656497324,3,3
1656497325,3,3
1656497327,3,3
1656497328,3,3
